# time_in_ns	dG_in_kT
0.000	0.000000
0.010	10.000000
0.020	10.000000
0.030	10.000000
0.040	10.000000
0.050	10.000000
0.060	10.000000
0.070	10.000000
0.080	10.000000
0.090	10.000000
0.100	10.000000
0.110	-20.000000
0.120	-20.000000
0.130	-20.000000
0.140	-20.000000
0.150	-20.000000
0.160	-20.000000
0.170	-20.000000
0.180	-20.000000
0.190	-20.000000
0.200	-20.000000
0.210	-20.000000
0.220	40.000000
0.230	70.000000
0.240	100.000000
0.250	100.000000
0.260	100.000000
0.270	100.000000
0.280	100.000000
0.290	100.000000
0.300	100.000000
0.310	100.000000
0.320	100.000000
0.330	100.000000
0.340	70.000000
0.350	10.000000
0.360	10.000000
0.370	10.000000
0.380	10.000000
0.390	-5.000000
0.400	-5.000000
0.410	-5.000000
0.420	-5.000000
0.430	-5.000000
0.440	-5.000000
0.450	-5.000000
0.460	-10.000000
0.470	-40.000000
0.480	-50.000000
0.490	-50.000000
0.500	-50.000000
0.510	-50.000000
0.520	-50.000000
0.530	-50.000000
0.540	-50.000000
0.550	-70.000000
0.560	-75.000000
0.570	-90.000000
0.580	-90.000000
0.590	-90.000000
0.600	-90.000000
0.610	-90.000000
0.620	-90.000000
0.630	-90.000000
0.640	-65.000000
0.650	-65.000000
0.660	-65.000000
0.670	-65.000000
0.680	-65.000000
0.690	-65.000000
0.700	-65.000000
0.710	-65.000000
0.720	-65.000000
0.730	-40.000000
0.740	-35.000000
0.750	-5.000000
0.760	25.000000
0.770	25.000000
0.780	25.000000
0.790	25.000000
0.800	25.000000
0.810	25.000000
0.820	25.000000
0.830	25.000000
0.840	25.000000
0.850	25.000000
0.860	25.000000
0.870	25.000000
0.880	25.000000
0.890	25.000000
0.900	25.000000
0.910	25.000000
0.920	25.000000
0.930	25.000000
0.940	15.000000
0.950	15.000000
0.960	0.000000
0.970	-15.000000
0.980	-30.000000
0.990	-50.000000
1.000	-50.000000
1.010	-50.000000
1.020	-50.000000
1.030	-50.000000
1.040	-50.000000
1.050	-50.000000
1.060	-50.000000
1.070	-50.000000
1.080	-50.000000
1.090	-50.000000
1.100	-50.000000
1.110	-50.000000
1.120	-50.000000
1.130	-50.000000
1.140	-50.000000
1.150	-50.000000
1.160	-50.000000
1.170	-50.000000
1.180	-50.000000
1.190	-50.000000
1.200	-50.000000
1.210	-50.000000
1.220	-50.000000
1.230	-40.000000
1.240	-27.500000
1.250	-15.000000
1.260	-7.500000
1.270	0.000000
1.280	20.000000
1.290	27.500000
1.300	27.500000
1.310	27.500000
1.320	27.500000
1.330	27.500000
1.340	27.500000
1.350	27.500000
1.360	27.500000
1.370	27.500000
1.380	27.500000
1.390	27.500000
1.400	27.500000
1.410	27.500000
1.420	27.500000
1.430	27.500000
1.440	27.500000
1.450	17.500000
1.460	10.000000
1.470	5.000000
1.480	-2.500000
1.490	-2.500000
1.500	-15.000000
1.510	-15.000000
1.520	-15.000000
1.530	-15.000000
1.540	-15.000000
1.550	-15.000000
1.560	-15.000000
1.570	-15.000000
1.580	-15.000000
1.590	-15.000000
1.600	-15.000000
1.610	-15.000000
1.620	-15.000000
1.630	-15.000000
1.640	-15.000000
1.650	-15.000000
1.660	-12.500000
1.670	-2.500000
1.680	-2.500000
1.690	-2.500000
1.700	-2.500000
1.710	-2.500000
1.720	-2.500000
1.730	-2.500000
1.740	-2.500000
1.750	-2.500000
1.760	-2.500000
1.770	-2.500000
1.780	-2.500000
1.790	-2.500000
1.800	-15.000000
1.810	-15.000000
1.820	-30.000000
1.830	-30.000000
1.840	-30.000000
1.850	-30.000000
1.860	-30.000000
1.870	-30.000000
1.880	-27.500000
1.890	-20.000000
1.900	-17.500000
1.910	-17.500000
1.920	-17.500000
1.930	-17.500000
1.940	-12.500000
1.950	-3.750000
1.960	-2.500000
1.970	-2.500000
1.980	-2.500000
1.990	-2.500000
2.000	-2.500000
2.010	-2.500000
2.020	-2.500000
2.030	-2.500000
2.040	-2.500000
2.050	-2.500000
2.060	-2.500000
2.070	-2.500000
2.080	-2.500000
2.090	-2.500000
2.100	-11.250000
2.110	-11.250000
2.120	-18.750000
2.130	-18.750000
2.140	-18.750000
2.150	-18.750000
2.160	-18.750000
2.170	-18.750000
2.180	-18.750000
2.190	-18.750000
2.200	-18.750000
2.210	-18.750000
2.220	-18.750000
2.230	-13.750000
2.240	-13.750000
2.250	-8.750000
2.260	-8.750000
2.270	-8.750000
2.280	-8.750000
2.290	-8.750000
2.300	-8.750000
2.310	-8.750000
2.320	-8.750000
2.330	-8.750000
2.340	-8.750000
2.350	-8.750000
2.360	-8.750000
2.370	-8.750000
2.380	-8.750000
2.390	-8.750000
2.400	-8.750000
2.410	-12.500000
2.420	-15.000000
2.430	-15.000000
2.440	-22.500000
2.450	-22.500000
2.460	-28.750000
2.470	-28.750000
2.480	-28.750000
2.490	-28.750000
2.500	-28.750000
2.510	-28.750000
2.520	-28.750000
2.530	-28.750000
2.540	-28.750000
2.550	-28.750000
2.560	-28.750000
2.570	-28.750000
2.580	-28.750000
2.590	-28.750000
2.600	-28.750000
2.610	-28.750000
2.620	-28.750000
2.630	-28.750000
2.640	-28.750000
2.650	-30.000000
2.660	-31.250000
2.670	-31.250000
2.680	-33.125000
2.690	-35.625000
2.700	-35.625000
2.710	-38.125000
2.720	-38.125000
2.730	-38.125000
2.740	-38.125000
2.750	-38.125000
2.760	-38.125000
2.770	-37.500000
2.780	-35.000000
2.790	-33.125000
2.800	-30.000000
2.810	-26.250000
2.820	-25.625000
2.830	-24.375000
2.840	-24.375000
2.850	-24.375000
2.860	-24.375000
2.870	-24.375000
2.880	-24.375000
2.890	-22.500000
2.900	-22.500000
2.910	-20.000000
2.920	-20.000000
2.930	-16.250000
2.940	-15.625000
2.950	-15.625000
2.960	-15.625000
2.970	-15.625000
2.980	-15.625000
2.990	-15.000000
3.000	-11.250000
3.010	-11.250000
3.020	-11.250000
3.030	-11.250000
3.040	-11.250000
3.050	-11.250000
3.060	-11.250000
3.070	-11.250000
3.080	-11.250000
3.090	-11.250000
3.100	-11.250000
3.110	-11.250000
3.120	-11.250000
3.130	-11.250000
3.140	-11.250000
3.150	-11.250000
3.160	-11.250000
3.170	-11.250000
3.180	-11.250000
3.190	-11.250000
3.200	-11.250000
3.210	-9.375000
3.220	-3.750000
3.230	-3.750000
3.240	-2.500000
3.250	-2.500000
3.260	-2.500000
3.270	-2.500000
3.280	-2.500000
3.290	-2.500000
3.300	-2.500000
3.310	-2.500000
3.320	-2.500000
3.330	-2.500000
3.340	-2.500000
3.350	-2.500000
3.360	-2.500000
3.370	-2.500000
3.380	0.000000
3.390	1.250000
3.400	1.250000
3.410	1.250000
3.420	1.250000
3.430	1.250000
3.440	1.250000
3.450	1.250000
3.460	1.250000
3.470	1.250000
3.480	1.250000
3.490	1.250000
3.500	1.250000
3.510	1.250000
3.520	1.250000
3.530	1.250000
3.540	1.250000
3.550	1.250000
3.560	1.250000
3.570	1.250000
3.580	1.250000
3.590	1.250000
3.600	1.250000
3.610	1.250000
3.620	5.000000
3.630	7.500000
3.640	9.375000
3.650	9.375000
3.660	9.375000
3.670	9.375000
3.680	13.125000
3.690	17.500000
3.700	17.500000
3.710	17.500000
3.720	17.500000
3.730	17.500000
3.740	17.500000
3.750	17.500000
3.760	17.500000
3.770	17.500000
3.780	17.500000
3.790	17.500000
3.800	17.500000
3.810	17.500000
3.820	17.500000
3.830	14.375000
3.840	13.750000
3.850	13.750000
3.860	13.750000
3.870	8.125000
3.880	8.125000
3.890	8.125000
3.900	8.125000
3.910	8.125000
3.920	8.125000
3.930	8.125000
3.940	5.000000
3.950	0.625000
3.960	0.625000
3.970	-0.625000
3.980	-0.625000
3.990	-0.625000
4.000	-0.625000
4.010	-0.625000
4.020	-0.625000
4.030	-0.625000
4.040	-0.625000
4.050	-0.625000
4.060	-0.625000
4.070	-0.625000
4.080	-0.625000
4.090	-0.625000
4.100	-0.625000
4.110	-0.625000
4.120	-0.625000
4.130	-0.625000
4.140	-0.625000
4.150	1.875000
4.160	1.875000
4.170	3.750000
4.180	3.750000
4.190	3.750000
4.200	3.750000
4.210	3.750000
4.220	3.750000
4.230	3.750000
4.240	3.750000
4.250	3.750000
4.260	3.750000
4.270	3.750000
4.280	3.750000
4.290	3.750000
4.300	3.750000
4.310	3.750000
4.320	3.750000
4.330	3.750000
4.340	3.750000
4.350	3.750000
4.360	3.750000
4.370	3.750000
4.380	3.750000
4.390	3.750000
4.400	3.750000
4.410	3.750000
4.420	3.750000
4.430	3.750000
4.440	2.500000
4.450	-1.875000
4.460	-1.875000
4.470	-1.875000
4.480	-4.375000
4.490	-5.000000
4.500	-5.000000
4.510	-5.000000
4.520	-5.000000
4.530	-5.000000
4.540	-5.000000
4.550	-6.875000
4.560	-6.875000
4.570	-6.875000
4.580	-6.875000
4.590	-6.875000
4.600	-6.875000
4.610	-6.875000
4.620	-8.125000
4.630	-8.125000
4.640	-8.125000
4.650	-8.125000
4.660	-8.125000
4.670	-8.125000
4.680	-8.125000
4.690	-8.125000
4.700	-8.125000
4.710	-8.125000
4.720	-8.125000
4.730	-8.125000
4.740	-8.125000
4.750	-8.125000
4.760	-8.125000
4.770	-8.125000
4.780	-8.125000
4.790	-8.125000
4.800	-8.125000
4.810	-8.125000
4.820	-8.125000
4.830	-8.125000
4.840	-6.875000
4.850	-5.937500
4.860	-3.437500
4.870	-2.812500
4.880	-2.500000
4.890	-2.500000
4.900	-2.500000
4.910	-2.500000
4.920	-2.500000
4.930	-2.500000
4.940	-2.500000
4.950	-1.875000
4.960	-1.875000
4.970	-0.937500
4.980	1.250000
4.990	1.250000
5.000	1.250000
5.010	1.250000
5.020	1.250000
5.030	1.250000
5.040	1.250000
5.050	1.250000
5.060	1.250000
5.070	2.187500
5.080	2.812500
5.090	5.000000
5.100	6.562500
5.110	6.562500
5.120	6.562500
5.130	6.562500
5.140	6.562500
5.150	6.562500
5.160	6.562500
5.170	6.562500
5.180	6.562500
5.190	6.562500
5.200	6.562500
5.210	6.562500
5.220	6.562500
5.230	6.562500
5.240	6.562500
5.250	6.562500
5.260	6.562500
5.270	6.562500
5.280	6.562500
5.290	6.562500
5.300	6.562500
5.310	6.562500
5.320	6.562500
5.330	6.562500
5.340	7.500000
5.350	9.062500
5.360	10.312500
5.370	10.625000
5.380	10.625000
5.390	10.625000
5.400	10.625000
5.410	10.625000
5.420	10.625000
5.430	10.625000
5.440	10.625000
5.450	10.625000
5.460	10.625000
5.470	11.562500
5.480	12.812500
5.490	14.687500
5.500	14.687500
5.510	14.687500
5.520	14.687500
5.530	15.000000
5.540	15.312500
5.550	15.312500
5.560	15.312500
5.570	15.312500
5.580	15.312500
5.590	15.312500
5.600	15.312500
5.610	15.312500
5.620	15.312500
5.630	15.312500
5.640	15.312500
5.650	15.312500
5.660	15.312500
5.670	15.312500
5.680	15.312500
5.690	15.312500
5.700	13.437500
5.710	11.562500
5.720	10.312500
5.730	9.375000
5.740	9.375000
5.750	9.375000
5.760	9.375000
5.770	8.750000
5.780	8.750000
5.790	7.500000
5.800	5.312500
5.810	4.687500
5.820	4.687500
5.830	4.687500
5.840	4.687500
5.850	4.687500
5.860	4.687500
5.870	4.687500
5.880	4.687500
5.890	4.687500
5.900	4.687500
5.910	4.687500
5.920	4.687500
5.930	4.687500
5.940	4.687500
5.950	4.687500
5.960	4.687500
5.970	4.687500
5.980	4.687500
5.990	4.687500
6.000	4.687500
6.010	4.687500
6.020	4.687500
6.030	4.687500
6.040	4.687500
6.050	4.687500
6.060	4.687500
6.070	4.687500
6.080	4.687500
6.090	4.687500
6.100	4.687500
6.110	4.687500
6.120	4.687500
6.130	4.687500
6.140	4.687500
6.150	4.687500
6.160	4.687500
6.170	4.687500
6.180	4.687500
6.190	4.375000
6.200	4.375000
6.210	4.375000
6.220	4.218750
6.230	2.968750
6.240	2.656250
6.250	2.656250
6.260	2.656250
6.270	2.656250
6.280	2.656250
6.290	2.656250
6.300	2.656250
6.310	2.656250
6.320	2.656250
6.330	2.656250
6.340	2.656250
6.350	2.656250
6.360	2.656250
6.370	2.656250
6.380	2.656250
6.390	2.656250
6.400	2.656250
6.410	2.656250
6.420	2.656250
6.430	2.656250
6.440	2.656250
6.450	2.656250
6.460	2.656250
6.470	2.656250
6.480	2.656250
6.490	2.656250
6.500	2.656250
6.510	2.656250
6.520	2.656250
6.530	2.656250
6.540	2.656250
6.550	2.500000
6.560	1.875000
6.570	1.406250
6.580	0.781250
6.590	-0.312500
6.600	-0.312500
6.610	-0.625000
6.620	-1.562500
6.630	-1.875000
6.640	-1.875000
6.650	-1.875000
6.660	-1.875000
6.670	-1.875000
6.680	-1.875000
6.690	-1.875000
6.700	-1.875000
6.710	-1.875000
6.720	-1.875000
6.730	-2.968750
6.740	-3.437500
6.750	-3.437500
6.760	-3.437500
6.770	-3.437500
6.780	-3.437500
6.790	-3.437500
6.800	-3.437500
6.810	-4.375000
6.820	-4.843750
6.830	-5.937500
6.840	-6.875000
6.850	-6.875000
6.860	-6.875000
6.870	-6.875000
6.880	-6.875000
6.890	-6.875000
6.900	-6.875000
6.910	-6.875000
6.920	-6.875000
6.930	-6.875000
6.940	-6.875000
6.950	-6.875000
6.960	-6.875000
6.970	-6.875000
6.980	-6.875000
6.990	-6.875000
7.000	-6.875000
7.010	-6.875000
7.020	-6.875000
7.030	-5.937500
7.040	-5.781250
7.050	-5.156250
7.060	-5.156250
7.070	-5.156250
7.080	-5.156250
7.090	-4.218750
7.100	-3.593750
7.110	-3.593750
7.120	-3.437500
7.130	-2.500000
7.140	-2.500000
7.150	-2.500000
7.160	-2.500000
7.170	-2.500000
7.180	-2.500000
7.190	-2.500000
7.200	-2.500000
7.210	-2.500000
7.220	-1.718750
7.230	-1.093750
7.240	-1.093750
7.250	-1.093750
7.260	-1.093750
7.270	-0.781250
7.280	0.312500
7.290	0.468750
7.300	0.468750
7.310	0.468750
7.320	0.468750
7.330	0.468750
7.340	0.468750
7.350	0.468750
7.360	0.468750
7.370	0.468750
7.380	0.468750
7.390	0.468750
7.400	0.468750
7.410	0.468750
7.420	0.468750
7.430	0.468750
7.440	0.468750
7.450	0.468750
7.460	0.468750
7.470	0.468750
7.480	0.468750
7.490	0.468750
7.500	0.468750
7.510	0.468750
7.520	0.468750
7.530	0.468750
7.540	0.468750
7.550	0.468750
7.560	0.468750
7.570	0.468750
7.580	0.468750
7.590	0.468750
7.600	0.468750
7.610	0.468750
7.620	0.468750
7.630	0.468750
7.640	0.468750
7.650	0.468750
7.660	0.468750
7.670	0.468750
7.680	0.468750
7.690	0.468750
7.700	0.468750
7.710	0.468750
7.720	0.468750
7.730	0.468750
7.740	0.234380
7.750	-0.156250
7.760	-0.390620
7.770	-0.390620
7.780	-0.546880
7.790	-0.546880
7.800	-0.546880
7.810	-0.703120
7.820	-0.781250
7.830	-1.406250
7.840	-1.796880
7.850	-2.187500
7.860	-2.578120
7.870	-2.734380
7.880	-2.734380
7.890	-2.734380
7.900	-2.734380
7.910	-2.734380
7.920	-2.734380
7.930	-2.734380
7.940	-2.734380
7.950	-2.734380
7.960	-2.734380
7.970	-2.734380
7.980	-2.734380
7.990	-2.734380
8.000	-2.734380
8.010	-2.734380
8.020	-2.734380
8.030	-2.734380
8.040	-2.656250
8.050	-1.953120
8.060	-1.484380
8.070	-1.328120
8.080	-1.328120
8.090	-1.328120
8.100	-1.328120
8.110	-1.328120
8.120	-1.328120
8.130	-1.328120
8.140	-0.859380
8.150	-0.859380
8.160	-0.859380
8.170	-0.859380
8.180	-0.859380
8.190	-0.859380
8.200	-0.625000
8.210	-0.546880
8.220	-0.546880
8.230	0.078120
8.240	0.234380
8.250	0.234380
8.260	0.234380
8.270	0.703120
8.280	1.015620
8.290	1.171880
8.300	1.718750
8.310	2.500000
8.320	2.968750
8.330	2.968750
8.340	2.968750
8.350	2.968750
8.360	2.968750
8.370	2.968750
8.380	2.968750
8.390	2.968750
8.400	2.968750
8.410	2.968750
8.420	2.968750
8.430	2.968750
8.440	2.968750
8.450	2.968750
8.460	2.968750
8.470	2.968750
8.480	2.968750
8.490	2.968750
8.500	2.968750
8.510	2.968750
8.520	2.968750
8.530	2.968750
8.540	2.968750
8.550	2.968750
8.560	2.968750
8.570	2.968750
8.580	2.968750
8.590	2.968750
8.600	2.968750
8.610	2.968750
8.620	2.968750
8.630	3.046880
8.640	3.046880
8.650	3.203120
8.660	3.203120
8.670	3.281250
8.680	3.281250
8.690	3.281250
8.700	3.281250
8.710	3.281250
8.720	3.281250
8.730	3.281250
8.740	3.281250
8.750	3.281250
8.760	3.281250
8.770	3.281250
8.780	3.281250
8.790	3.281250
8.800	3.281250
8.810	3.281250
8.820	3.281250
8.830	3.281250
8.840	3.281250
8.850	3.281250
8.860	3.281250
8.870	3.281250
8.880	3.281250
8.890	3.281250
8.900	3.281250
8.910	3.281250
8.920	3.281250
8.930	3.281250
8.940	3.281250
8.950	3.281250
8.960	3.281250
8.970	3.281250
8.980	3.281250
8.990	3.281250
9.000	3.281250
9.010	3.281250
9.020	3.281250
9.030	3.203120
9.040	3.203120
9.050	2.929690
9.060	2.812500
9.070	2.617190
9.080	2.500000
9.090	2.500000
9.100	2.382810
9.110	2.343750
9.120	2.343750
9.130	2.343750
9.140	2.343750
9.150	2.187500
9.160	2.070310
9.170	1.992190
9.180	1.953120
9.190	1.875000
9.200	1.875000
9.210	1.796880
9.220	1.796880
9.230	1.796880
9.240	1.796880
9.250	1.796880
9.260	1.796880
9.270	1.796880
9.280	1.796880
9.290	1.796880
9.300	1.796880
9.310	1.796880
9.320	1.796880
9.330	1.796880
9.340	1.796880
9.350	1.796880
9.360	1.796880
9.370	1.796880
9.380	1.796880
9.390	1.796880
9.400	1.796880
9.410	1.796880
9.420	1.796880
9.430	1.796880
9.440	1.796880
9.450	1.796880
9.460	1.718750
9.470	1.484380
9.480	1.328120
9.490	1.210940
9.500	1.210940
9.510	1.210940
9.520	1.210940
9.530	1.210940
9.540	1.210940
9.550	1.210940
9.560	1.210940
9.570	1.210940
9.580	1.210940
9.590	1.210940
9.600	1.210940
9.610	1.210940
9.620	1.210940
9.630	1.210940
9.640	1.210940
9.650	1.210940
9.660	1.210940
9.670	1.210940
9.680	1.210940
9.690	1.210940
9.700	1.210940
9.710	1.210940
9.720	1.210940
9.730	1.210940
9.740	1.210940
9.750	1.210940
9.760	1.210940
9.770	1.210940
9.780	1.210940
9.790	1.210940
9.800	1.210940
9.810	1.210940
9.820	1.250000
9.830	1.445310
9.840	1.640620
9.850	1.718750
9.860	1.718750
9.870	1.718750
9.880	1.718750
9.890	1.718750
9.900	1.718750
9.910	1.718750
9.920	1.718750
9.930	1.718750
9.940	1.718750
9.950	1.718750
9.960	1.796880
9.970	1.953120
9.980	1.953120
9.990	2.109380
10.000	2.148440
10.010	2.148440
10.020	2.148440
10.030	2.148440
10.040	2.148440
10.050	2.148440
10.060	2.148440
10.070	2.148440
10.080	2.148440
10.090	2.148440
10.100	2.148440
10.110	2.148440
10.120	2.148440
10.130	2.148440
10.140	2.148440
10.150	2.148440
10.160	1.992190
10.170	1.914060
10.180	1.914060
10.190	1.914060
10.200	1.914060
10.210	1.914060
10.220	1.796880
10.230	1.601560
10.240	1.601560
10.250	1.601560
10.260	1.601560
10.270	1.601560
10.280	1.601560
10.290	1.601560
10.300	1.601560
10.310	1.601560
10.320	1.601560
10.330	1.601560
10.340	1.601560
10.350	1.601560
10.360	1.601560
10.370	1.601560
10.380	1.601560
10.390	1.601560
10.400	1.601560
10.410	1.601560
10.420	1.601560
10.430	1.601560
10.440	1.601560
10.450	1.601560
10.460	1.601560
10.470	1.601560
10.480	1.601560
10.490	1.718750
10.500	1.914060
10.510	1.914060
10.520	1.914060
10.530	2.109380
10.540	2.187500
10.550	2.187500
10.560	2.187500
10.570	2.187500
10.580	2.187500
10.590	2.187500
10.600	2.187500
10.610	2.148440
10.620	2.070310
10.630	2.070310
10.640	1.914060
10.650	1.835940
10.660	1.835940
10.670	1.835940
10.680	1.835940
10.690	1.835940
10.700	1.835940
10.710	1.835940
10.720	1.835940
10.730	1.640620
10.740	1.640620
10.750	1.640620
10.760	1.640620
10.770	1.640620
10.780	1.640620
10.790	1.640620
10.800	1.640620
10.810	1.640620
10.820	1.640620
10.830	1.640620
10.840	1.640620
10.850	1.484380
10.860	1.210940
10.870	0.976560
10.880	0.781250
10.890	0.664060
10.900	0.468750
10.910	0.390620
10.920	0.117190
10.930	-0.078120
10.940	-0.390620
10.950	-0.390620
10.960	-0.390620
10.970	-0.390620
10.980	-0.390620
10.990	-0.390620
11.000	-0.390620
11.010	-0.390620
11.020	-0.390620
11.030	-0.390620
11.040	-0.390620
11.050	-0.390620
11.060	-0.390620
11.070	-0.390620
11.080	-0.390620
11.090	-0.390620
11.100	-0.390620
11.110	-0.390620
11.120	-0.390620
11.130	-0.390620
11.140	-0.390620
11.150	-0.390620
11.160	-0.390620
11.170	-0.312500
11.180	-0.312500
11.190	-0.312500
11.200	-0.312500
11.210	-0.312500
11.220	-0.195310
11.230	0.000000
11.240	0.078120
11.250	0.195310
11.260	0.429690
11.270	0.546880
11.280	0.546880
11.290	0.546880
11.300	0.546880
11.310	0.546880
11.320	0.546880
11.330	0.546880
11.340	0.546880
11.350	0.546880
11.360	0.546880
11.370	0.625000
11.380	0.664060
11.390	0.703120
11.400	0.703120
11.410	0.742190
11.420	0.898440
11.430	0.898440
11.440	0.898440
11.450	0.898440
11.460	0.898440
11.470	0.898440
11.480	0.898440
11.490	0.898440
11.500	0.898440
11.510	0.898440
11.520	0.898440
11.530	0.898440
11.540	0.898440
11.550	0.898440
11.560	0.898440
11.570	0.898440
11.580	0.898440
11.590	0.898440
11.600	0.898440
11.610	0.898440
11.620	0.898440
11.630	0.898440
11.640	0.898440
11.650	0.898440
11.660	0.898440
11.670	0.898440
11.680	0.898440
11.690	0.898440
11.700	0.898440
11.710	0.898440
11.720	0.898440
11.730	0.898440
11.740	0.898440
11.750	0.898440
11.760	0.898440
11.770	0.898440
11.780	0.878910
11.790	0.878910
11.800	0.878910
11.810	0.878910
11.820	0.820310
11.830	0.820310
11.840	0.820310
11.850	0.820310
11.860	0.820310
11.870	0.820310
11.880	0.820310
11.890	0.820310
11.900	0.820310
11.910	0.820310
11.920	0.820310
11.930	0.820310
11.940	0.820310
11.950	0.820310
11.960	0.820310
11.970	0.820310
11.980	0.820310
11.990	0.820310
12.000	0.820310
12.010	0.820310
12.020	0.820310
12.030	0.820310
12.040	0.820310
12.050	0.820310
12.060	0.820310
12.070	0.820310
12.080	0.820310
12.090	0.820310
12.100	0.820310
12.110	0.820310
12.120	0.820310
12.130	0.820310
12.140	0.820310
12.150	0.781250
12.160	0.683590
12.170	0.683590
12.180	0.683590
12.190	0.546880
12.200	0.546880
12.210	0.546880
12.220	0.546880
12.230	0.546880
12.240	0.546880
12.250	0.546880
12.260	0.546880
12.270	0.546880
12.280	0.546880
12.290	0.546880
12.300	0.546880
12.310	0.468750
12.320	0.468750
12.330	0.468750
12.340	0.429690
12.350	0.429690
12.360	0.429690
12.370	0.429690
12.380	0.429690
12.390	0.429690
12.400	0.429690
12.410	0.429690
12.420	0.429690
12.430	0.429690
12.440	0.429690
12.450	0.429690
12.460	0.429690
12.470	0.429690
12.480	0.429690
12.490	0.429690
12.500	0.429690
12.510	0.429690
12.520	0.429690
12.530	0.429690
12.540	0.429690
12.550	0.429690
12.560	0.429690
12.570	0.429690
12.580	0.429690
12.590	0.429690
12.600	0.429690
12.610	0.429690
12.620	0.429690
12.630	0.429690
12.640	0.429690
12.650	0.429690
12.660	0.429690
12.670	0.429690
12.680	0.429690
12.690	0.429690
12.700	0.429690
12.710	0.429690
12.720	0.429690
12.730	0.429690
12.740	0.429690
12.750	0.429690
12.760	0.390620
12.770	0.371090
12.780	0.371090
12.790	0.371090
12.800	0.371090
12.810	0.371090
12.820	0.371090
12.830	0.371090
12.840	0.371090
12.850	0.371090
12.860	0.371090
12.870	0.371090
12.880	0.371090
12.890	0.429690
12.900	0.429690
12.910	0.429690
12.920	0.507810
12.930	0.507810
12.940	0.546880
12.950	0.546880
12.960	0.546880
12.970	0.546880
12.980	0.546880
12.990	0.546880
13.000	0.546880
13.010	0.546880
13.020	0.546880
13.030	0.546880
13.040	0.546880
13.050	0.546880
13.060	0.546880
13.070	0.546880
13.080	0.546880
13.090	0.585940
13.100	0.625000
13.110	0.625000
13.120	0.625000
13.130	0.625000
13.140	0.625000
13.150	0.625000
13.160	0.625000
13.170	0.625000
13.180	0.625000
13.190	0.625000
13.200	0.625000
13.210	0.703120
13.220	0.742190
13.230	0.820310
13.240	0.957030
13.250	1.015620
13.260	1.015620
13.270	1.074220
13.280	1.074220
13.290	1.093750
13.300	1.093750
13.310	1.191410
13.320	1.230470
13.330	1.289060
13.340	1.386720
13.350	1.425780
13.360	1.503910
13.370	1.601560
13.380	1.640620
13.390	1.640620
13.400	1.738280
13.410	1.914060
13.420	2.089840
13.430	2.246090
13.440	2.324220
13.450	2.324220
13.460	2.324220
13.470	2.324220
13.480	2.324220
13.490	2.324220
13.500	2.324220
13.510	2.324220
13.520	2.324220
13.530	2.324220
13.540	2.324220
13.550	2.324220
13.560	2.324220
13.570	2.324220
13.580	2.324220
13.590	2.324220
13.600	2.324220
13.610	2.324220
13.620	2.324220
13.630	2.402340
13.640	2.402340
13.650	2.402340
13.660	2.402340
13.670	2.402340
13.680	2.402340
13.690	2.402340
13.700	2.402340
13.710	2.402340
13.720	2.402340
13.730	2.402340
13.740	2.402340
13.750	2.402340
13.760	2.402340
13.770	2.402340
13.780	2.402340
13.790	2.402340
13.800	2.402340
13.810	2.402340
13.820	2.402340
13.830	2.402340
13.840	2.402340
13.850	2.402340
13.860	2.402340
13.870	2.402340
13.880	2.402340
13.890	2.402340
13.900	2.460940
13.910	2.460940
13.920	2.460940
13.930	2.460940
13.940	2.460940
13.950	2.460940
13.960	2.460940
13.970	2.460940
13.980	2.460940
13.990	2.460940
14.000	2.460940
14.010	2.460940
14.020	2.460940
14.030	2.460940
14.040	2.460940
14.050	2.460940
14.060	2.460940
14.070	2.441410
14.080	2.441410
14.090	2.441410
14.100	2.441410
14.110	2.441410
14.120	2.441410
14.130	2.441410
14.140	2.441410
14.150	2.441410
14.160	2.441410
14.170	2.441410
14.180	2.441410
14.190	2.441410
14.200	2.441410
14.210	2.441410
14.220	2.441410
14.230	2.441410
14.240	2.441410
14.250	2.441410
14.260	2.441410
14.270	2.441410
14.280	2.441410
14.290	2.441410
14.300	2.441410
14.310	2.441410
14.320	2.441410
14.330	2.441410
14.340	2.441410
14.350	2.441410
14.360	2.441410
14.370	2.441410
14.380	2.441410
14.390	2.441410
14.400	2.441410
14.410	2.441410
14.420	2.441410
14.430	2.441410
14.440	2.441410
14.450	2.441410
14.460	2.421880
14.470	2.402340
14.480	2.402340
14.490	2.402340
14.500	2.402340
14.510	2.402340
14.520	2.402340
14.530	2.402340
14.540	2.402340
14.550	2.402340
14.560	2.402340
14.570	2.402340
14.580	2.402340
14.590	2.402340
14.600	2.402340
14.610	2.402340
14.620	2.402340
14.630	2.402340
14.640	2.402340
14.650	2.402340
14.660	2.402340
14.670	2.421880
14.680	2.500000
14.690	2.500000
14.700	2.558590
14.710	2.656250
14.720	2.695310
14.730	2.773440
14.740	2.773440
14.750	2.773440
14.760	2.773440
14.770	2.773440
14.780	2.773440
14.790	2.773440
14.800	2.773440
14.810	2.773440
14.820	2.773440
14.830	2.773440
14.840	2.773440
14.850	2.773440
14.860	2.773440
14.870	2.773440
14.880	2.773440
14.890	2.773440
14.900	2.773440
14.910	2.773440
14.920	2.773440
14.930	2.773440
14.940	2.773440
14.950	2.773440
14.960	2.773440
14.970	2.773440
14.980	2.773440
14.990	2.773440
15.000	2.832030
15.010	2.871090
15.020	2.871090
15.030	2.871090
15.040	2.871090
15.050	2.871090
15.060	2.871090
15.070	2.871090
15.080	2.871090
15.090	2.871090
15.100	2.871090
15.110	2.871090
15.120	2.871090
15.130	2.871090
15.140	2.871090
15.150	2.871090
15.160	2.871090
15.170	2.871090
15.180	2.871090
15.190	2.871090
15.200	2.871090
15.210	2.871090
15.220	2.871090
15.230	2.871090
15.240	2.871090
15.250	2.871090
15.260	2.871090
15.270	2.871090
15.280	2.871090
15.290	2.871090
15.300	2.871090
15.310	2.871090
15.320	2.871090
15.330	2.871090
15.340	2.871090
15.350	2.871090
15.360	2.871090
15.370	2.871090
15.380	2.871090
15.390	2.871090
15.400	2.871090
15.410	2.871090
15.420	2.871090
15.430	2.871090
15.440	2.871090
15.450	2.871090
15.460	2.871090
15.470	2.871090
15.480	2.832030
15.490	2.832030
15.500	2.792970
15.510	2.792970
15.520	2.792970
15.530	2.792970
15.540	2.792970
15.550	2.792970
15.560	2.792970
15.570	2.792970
15.580	2.792970
15.590	2.792970
15.600	2.792970
15.610	2.792970
15.620	2.792970
15.630	2.734380
15.640	2.734380
15.650	2.734380
15.660	2.734380
15.670	2.734380
15.680	2.734380
15.690	2.734380
15.700	2.734380
15.710	2.734380
15.720	2.675780
15.730	2.519530
15.740	2.382810
15.750	2.382810
15.760	2.285160
15.770	2.285160
15.780	2.285160
15.790	2.285160
15.800	2.285160
15.810	2.285160
15.820	2.285160
15.830	2.285160
15.840	2.285160
15.850	2.285160
15.860	2.285160
15.870	2.285160
15.880	2.285160
15.890	2.285160
15.900	2.285160
15.910	2.285160
15.920	2.285160
15.930	2.285160
15.940	2.285160
15.950	2.285160
15.960	2.285160
15.970	2.285160
15.980	2.285160
15.990	2.285160
16.000	2.285160
16.010	2.285160
16.020	2.285160
16.030	2.285160
16.040	2.285160
16.050	2.285160
16.060	2.285160
16.070	2.285160
16.080	2.285160
16.090	2.285160
16.100	2.285160
16.110	2.285160
16.120	2.285160
16.130	2.285160
16.140	2.285160
16.150	2.421880
16.160	2.539060
16.170	2.539060
16.180	2.617190
16.190	2.675780
16.200	2.695310
16.210	2.695310
16.220	2.753910
16.230	2.871090
16.240	2.968750
16.250	3.164060
16.260	3.164060
16.270	3.222660
16.280	3.339840
16.290	3.378910
16.300	3.476560
16.310	3.476560
16.320	3.476560
16.330	3.554690
16.340	3.613280
16.350	3.632810
16.360	3.632810
16.370	3.632810
16.380	3.632810
16.390	3.632810
16.400	3.632810
16.410	3.632810
16.420	3.632810
16.430	3.632810
16.440	3.632810
16.450	3.632810
16.460	3.632810
16.470	3.632810
16.480	3.632810
16.490	3.632810
16.500	3.632810
16.510	3.632810
16.520	3.632810
16.530	3.632810
16.540	3.613280
16.550	3.574220
16.560	3.574220
16.570	3.496090
16.580	3.457030
16.590	3.457030
16.600	3.457030
16.610	3.457030
16.620	3.457030
16.630	3.457030
16.640	3.457030
16.650	3.417970
16.660	3.359380
16.670	3.203120
16.680	3.125000
16.690	3.007810
16.700	2.890620
16.710	2.773440
16.720	2.734380
16.730	2.675780
16.740	2.675780
16.750	2.675780
16.760	2.675780
16.770	2.675780
16.780	2.675780
16.790	2.675780
16.800	2.675780
16.810	2.675780
16.820	2.675780
16.830	2.675780
16.840	2.675780
16.850	2.675780
16.860	2.675780
16.870	2.675780
16.880	2.675780
16.890	2.617190
16.900	2.500000
16.910	2.421880
16.920	2.363280
16.930	2.265620
16.940	2.265620
16.950	2.265620
16.960	2.265620
16.970	2.265620
16.980	2.167970
16.990	2.109380
17.000	2.070310
17.010	2.070310
17.020	1.992190
17.030	1.933590
17.040	1.933590
17.050	1.933590
17.060	1.933590
17.070	1.933590
17.080	1.933590
17.090	1.933590
17.100	1.933590
17.110	1.933590
17.120	1.933590
17.130	1.933590
17.140	1.933590
17.150	1.933590
17.160	1.933590
17.170	1.972660
17.180	1.972660
17.190	1.972660
17.200	1.972660
17.210	1.972660
17.220	1.972660
17.230	1.972660
17.240	1.972660
17.250	1.972660
17.260	1.972660
17.270	1.972660
17.280	1.972660
17.290	1.972660
17.300	1.972660
17.310	1.972660
17.320	1.972660
17.330	1.972660
17.340	1.972660
17.350	1.972660
17.360	1.972660
17.370	1.972660
17.380	1.972660
17.390	1.972660
17.400	1.972660
17.410	1.972660
17.420	1.972660
17.430	1.972660
17.440	1.972660
17.450	1.972660
17.460	1.972660
17.470	2.011720
17.480	2.070310
17.490	2.089840
17.500	2.089840
17.510	2.109380
17.520	2.109380
17.530	2.109380
17.540	2.109380
17.550	2.109380
17.560	2.207030
17.570	2.246090
17.580	2.246090
17.590	2.246090
17.600	2.246090
17.610	2.246090
17.620	2.246090
17.630	2.246090
17.640	2.246090
17.650	2.246090
17.660	2.246090
17.670	2.246090
17.680	2.246090
17.690	2.246090
17.700	2.246090
17.710	2.246090
17.720	2.246090
17.730	2.246090
17.740	2.246090
17.750	2.246090
17.760	2.246090
17.770	2.246090
17.780	2.246090
17.790	2.246090
17.800	2.246090
17.810	2.246090
17.820	2.246090
17.830	2.246090
17.840	2.246090
17.850	2.246090
17.860	2.246090
17.870	2.246090
17.880	2.246090
17.890	2.246090
17.900	2.246090
17.910	2.246090
17.920	2.246090
17.930	2.246090
17.940	2.246090
17.950	2.246090
17.960	2.246090
17.970	2.246090
17.980	2.246090
17.990	2.363280
18.000	2.519530
18.010	2.714840
18.020	2.871090
18.030	2.988280
18.040	3.066410
18.050	3.222660
18.060	3.222660
18.070	3.242190
18.080	3.261720
18.090	3.261720
18.100	3.261720
18.110	3.261720
18.120	3.261720
18.130	3.261720
18.140	3.261720
18.150	3.261720
18.160	3.261720
18.170	3.261720
18.180	3.261720
18.190	3.261720
18.200	3.339840
18.210	3.496090
18.220	3.574220
18.230	3.710940
18.240	3.828120
18.250	3.984380
18.260	4.121090
18.270	4.199220
18.280	4.199220
18.290	4.199220
18.300	4.199220
18.310	4.199220
18.320	4.199220
18.330	4.199220
18.340	4.199220
18.350	4.199220
18.360	4.199220
18.370	4.199220
18.380	4.199220
18.390	4.199220
18.400	4.199220
18.410	4.199220
18.420	4.199220
18.430	4.199220
18.440	4.199220
18.450	4.218750
18.460	4.316410
18.470	4.414060
18.480	4.414060
18.490	4.414060
18.500	4.414060
18.510	4.414060
18.520	4.414060
18.530	4.414060
18.540	4.414060
18.550	4.414060
18.560	4.414060
18.570	4.414060
18.580	4.414060
18.590	4.414060
18.600	4.414060
18.610	4.414060
18.620	4.414060
18.630	4.414060
18.640	4.414060
18.650	4.414060
18.660	4.414060
18.670	4.414060
18.680	4.414060
18.690	4.414060
18.700	4.414060
18.710	4.414060
18.720	4.414060
18.730	4.414060
18.740	4.414060
18.750	4.453120
18.760	4.472660
18.770	4.492190
18.780	4.550780
18.790	4.648440
18.800	4.648440
18.810	4.648440
18.820	4.687500
18.830	4.804690
18.840	4.804690
18.850	4.804690
18.860	4.824220
18.870	4.882810
18.880	4.882810
18.890	4.882810
18.900	4.882810
18.910	4.882810
18.920	4.882810
18.930	4.882810
18.940	4.882810
18.950	4.882810
18.960	4.882810
18.970	4.882810
18.980	4.882810
18.990	4.882810
19.000	4.882810
19.010	4.882810
19.020	4.882810
19.030	4.882810
19.040	4.882810
19.050	4.882810
19.060	4.882810
19.070	4.882810
19.080	4.882810
19.090	4.882810
19.100	4.882810
19.110	4.882810
19.120	4.824220
19.130	4.785160
19.140	4.687500
19.150	4.687500
19.160	4.687500
19.170	4.648440
19.180	4.492190
19.190	4.472660
19.200	4.472660
19.210	4.472660
19.220	4.433590
19.230	4.296880
19.240	4.296880
19.250	4.296880
19.260	4.296880
19.270	4.296880
19.280	4.296880
19.290	4.296880
19.300	4.296880
19.310	4.296880
19.320	4.199220
19.330	4.140620
19.340	4.140620
19.350	4.101560
19.360	4.003910
19.370	3.906250
19.380	3.808590
19.390	3.808590
19.400	3.808590
19.410	3.808590
19.420	3.750000
19.430	3.750000
19.440	3.691410
19.450	3.632810
19.460	3.632810
19.470	3.632810
19.480	3.632810
19.490	3.632810
19.500	3.632810
19.510	3.535160
19.520	3.535160
19.530	3.535160
19.540	3.535160
19.550	3.535160
19.560	3.535160
19.570	3.535160
19.580	3.535160
19.590	3.535160
19.600	3.535160
19.610	3.535160
19.620	3.535160
19.630	3.535160
19.640	3.535160
19.650	3.535160
19.660	3.535160
19.670	3.535160
19.680	3.535160
19.690	3.535160
19.700	3.535160
19.710	3.535160
19.720	3.574220
19.730	3.574220
19.740	3.574220
19.750	3.574220
19.760	3.574220
19.770	3.574220
19.780	3.574220
19.790	3.574220
19.800	3.574220
19.810	3.574220
19.820	3.574220
19.830	3.574220
19.840	3.613280
19.850	3.613280
19.860	3.613280
19.870	3.691410
19.880	3.808590
19.890	3.828120
19.900	3.828120
19.910	3.828120
19.920	3.828120
19.930	3.828120
19.940	3.828120
19.950	3.828120
19.960	3.828120
19.970	3.828120
19.980	3.828120
19.990	3.828120
20.000	3.828120
20.010	3.828120
20.020	3.828120
20.030	3.828120
20.040	3.828120
20.050	3.828120
20.060	3.828120
20.070	3.828120
20.080	3.828120
20.090	3.828120
20.100	3.828120
20.110	3.828120
20.120	3.828120
20.130	3.828120
20.140	3.828120
20.150	3.828120
20.160	3.828120
20.170	3.828120
20.180	3.828120
20.190	3.828120
20.200	3.828120
20.210	3.828120
20.220	3.828120
20.230	3.828120
20.240	3.828120
20.250	3.828120
20.260	3.828120
20.270	3.828120
20.280	3.828120
20.290	3.828120
20.300	3.828120
20.310	3.828120
20.320	3.828120
20.330	3.828120
20.340	3.828120
20.350	3.750000
20.360	3.750000
20.370	3.730470
20.380	3.613280
20.390	3.476560
20.400	3.359380
20.410	3.300780
20.420	3.261720
20.430	3.203120
20.440	3.193360
20.450	3.193360
20.460	3.193360
20.470	3.193360
20.480	3.193360
20.490	3.193360
20.500	3.193360
20.510	3.193360
20.520	3.193360
20.530	3.193360
20.540	3.193360
20.550	3.193360
20.560	3.193360
20.570	3.193360
20.580	3.193360
20.590	3.173830
20.600	3.125000
20.610	3.125000
20.620	3.125000
20.630	3.125000
20.640	3.125000
20.650	3.095700
20.660	3.095700
20.670	3.095700
20.680	3.085940
20.690	3.085940
20.700	3.085940
20.710	3.085940
20.720	3.085940
20.730	3.085940
20.740	3.085940
20.750	3.066410
20.760	3.046880
20.770	3.046880
20.780	3.037110
20.790	3.037110
20.800	3.037110
20.810	3.037110
20.820	3.037110
20.830	3.037110
20.840	3.037110
20.850	3.037110
20.860	3.037110
20.870	3.037110
20.880	3.037110
20.890	3.037110
20.900	3.037110
20.910	3.037110
20.920	3.037110
20.930	3.037110
20.940	3.037110
20.950	3.037110
20.960	3.037110
20.970	3.037110
20.980	3.037110
20.990	3.037110
21.000	3.037110
21.010	3.037110
21.020	3.037110
21.030	3.037110
21.040	3.037110
21.050	3.037110
21.060	3.037110
21.070	3.037110
21.080	3.037110
21.090	3.037110
21.100	3.037110
21.110	3.037110
21.120	3.037110
21.130	3.037110
21.140	2.998050
21.150	2.910160
21.160	2.861330
21.170	2.792970
21.180	2.744140
21.190	2.744140
21.200	2.714840
21.210	2.695310
21.220	2.695310
21.230	2.695310
21.240	2.695310
21.250	2.695310
21.260	2.695310
21.270	2.695310
21.280	2.695310
21.290	2.695310
21.300	2.695310
21.310	2.695310
21.320	2.695310
21.330	2.695310
21.340	2.695310
21.350	2.695310
21.360	2.646480
21.370	2.646480
21.380	2.646480
21.390	2.646480
21.400	2.646480
21.410	2.646480
21.420	2.646480
21.430	2.646480
21.440	2.646480
21.450	2.646480
21.460	2.646480
21.470	2.646480
21.480	2.646480
21.490	2.646480
21.500	2.646480
21.510	2.646480
21.520	2.646480
21.530	2.646480
21.540	2.744140
21.550	2.773440
21.560	2.783200
21.570	2.783200
21.580	2.783200
21.590	2.783200
21.600	2.783200
21.610	2.783200
21.620	2.783200
21.630	2.783200
21.640	2.783200
21.650	2.783200
21.660	2.783200
21.670	2.783200
21.680	2.783200
21.690	2.783200
21.700	2.783200
21.710	2.783200
21.720	2.783200
21.730	2.783200
21.740	2.783200
21.750	2.783200
21.760	2.783200
21.770	2.783200
21.780	2.783200
21.790	2.783200
21.800	2.783200
21.810	2.783200
21.820	2.783200
21.830	2.783200
21.840	2.783200
21.850	2.783200
21.860	2.783200
21.870	2.783200
21.880	2.783200
21.890	2.783200
21.900	2.783200
21.910	2.783200
21.920	2.724610
21.930	2.705080
21.940	2.656250
21.950	2.636720
21.960	2.597660
21.970	2.597660
21.980	2.597660
21.990	2.597660
22.000	2.597660
22.010	2.597660
22.020	2.597660
22.030	2.597660
22.040	2.597660
22.050	2.597660
22.060	2.597660
22.070	2.597660
22.080	2.597660
22.090	2.597660
22.100	2.597660
22.110	2.597660
22.120	2.597660
22.130	2.597660
22.140	2.597660
22.150	2.597660
22.160	2.587890
22.170	2.529300
22.180	2.490230
22.190	2.460940
22.200	2.402340
22.210	2.363280
22.220	2.343750
22.230	2.265620
22.240	2.246090
22.250	2.246090
22.260	2.246090
22.270	2.177730
22.280	2.128910
22.290	2.128910
22.300	2.128910
22.310	2.099610
22.320	2.041020
22.330	2.001950
22.340	1.982420
22.350	1.982420
22.360	1.982420
22.370	1.982420
22.380	1.982420
22.390	1.982420
22.400	1.982420
22.410	1.982420
22.420	1.982420
22.430	1.982420
22.440	1.982420
22.450	1.982420
22.460	1.982420
22.470	1.982420
22.480	1.982420
22.490	1.982420
22.500	1.982420
22.510	1.982420
22.520	1.982420
22.530	1.982420
22.540	1.982420
22.550	1.982420
22.560	1.982420
22.570	1.982420
22.580	1.982420
22.590	1.982420
22.600	1.962890
22.610	1.894530
22.620	1.865230
22.630	1.787110
22.640	1.748050
22.650	1.738280
22.660	1.738280
22.670	1.738280
22.680	1.738280
22.690	1.738280
22.700	1.738280
22.710	1.738280
22.720	1.738280
22.730	1.738280
22.740	1.738280
22.750	1.738280
22.760	1.738280
22.770	1.738280
22.780	1.738280
22.790	1.738280
22.800	1.738280
22.810	1.738280
22.820	1.738280
22.830	1.738280
22.840	1.738280
22.850	1.738280
22.860	1.738280
22.870	1.738280
22.880	1.738280
22.890	1.718750
22.900	1.689450
22.910	1.689450
22.920	1.689450
22.930	1.689450
22.940	1.689450
22.950	1.689450
22.960	1.689450
22.970	1.689450
22.980	1.689450
22.990	1.689450
23.000	1.689450
23.010	1.689450
23.020	1.660160
23.030	1.660160
23.040	1.660160
23.050	1.640620
23.060	1.572270
23.070	1.572270
23.080	1.562500
23.090	1.523440
23.100	1.523440
23.110	1.523440
23.120	1.523440
23.130	1.523440
23.140	1.484380
23.150	1.484380
23.160	1.484380
23.170	1.484380
23.180	1.484380
23.190	1.484380
23.200	1.484380
23.210	1.484380
23.220	1.484380
23.230	1.484380
23.240	1.484380
23.250	1.484380
23.260	1.484380
23.270	1.484380
23.280	1.484380
23.290	1.484380
23.300	1.484380
23.310	1.484380
23.320	1.435550
23.330	1.406250
23.340	1.406250
23.350	1.376950
23.360	1.337890
23.370	1.337890
23.380	1.337890
23.390	1.337890
23.400	1.337890
23.410	1.337890
23.420	1.337890
23.430	1.337890
23.440	1.279300
23.450	1.259770
23.460	1.259770
23.470	1.259770
23.480	1.259770
23.490	1.259770
23.500	1.259770
23.510	1.220700
23.520	1.220700
23.530	1.220700
23.540	1.220700
23.550	1.220700
23.560	1.220700
23.570	1.220700
23.580	1.220700
23.590	1.220700
23.600	1.220700
23.610	1.220700
23.620	1.220700
23.630	1.220700
23.640	1.220700
23.650	1.220700
23.660	1.220700
23.670	1.240230
23.680	1.328120
23.690	1.406250
23.700	1.464840
23.710	1.494140
23.720	1.562500
23.730	1.650390
23.740	1.708980
23.750	1.757810
23.760	1.777340
23.770	1.855470
23.780	1.923830
23.790	1.992190
23.800	2.089840
23.810	2.187500
23.820	2.246090
23.830	2.265620
23.840	2.304690
23.850	2.363280
23.860	2.431640
23.870	2.480470
23.880	2.529300
23.890	2.558590
23.900	2.568360
23.910	2.607420
23.920	2.705080
23.930	2.783200
23.940	2.822270
23.950	2.841800
23.960	2.841800
23.970	2.841800
23.980	2.841800
23.990	2.841800
24.000	2.841800
24.010	2.841800
24.020	2.841800
24.030	2.841800
24.040	2.841800
24.050	2.841800
24.060	2.841800
24.070	2.841800
24.080	2.841800
24.090	2.841800
24.100	2.841800
24.110	2.841800
24.120	2.841800
24.130	2.841800
24.140	2.841800
24.150	2.841800
24.160	2.841800
24.170	2.841800
24.180	2.841800
24.190	2.841800
24.200	2.841800
24.210	2.841800
24.220	2.841800
24.230	2.841800
24.240	2.841800
24.250	2.812500
24.260	2.812500
24.270	2.812500
24.280	2.812500
24.290	2.812500
24.300	2.812500
24.310	2.812500
24.320	2.812500
24.330	2.812500
24.340	2.812500
24.350	2.812500
24.360	2.812500
24.370	2.783200
24.380	2.734380
24.390	2.734380
24.400	2.734380
24.410	2.685550
24.420	2.656250
24.430	2.587890
24.440	2.578120
24.450	2.539060
24.460	2.509770
24.470	2.460940
24.480	2.402340
24.490	2.402340
24.500	2.402340
24.510	2.402340
24.520	2.402340
24.530	2.373050
24.540	2.275390
24.550	2.246090
24.560	2.246090
24.570	2.246090
24.580	2.246090
24.590	2.246090
24.600	2.246090
24.610	2.246090
24.620	2.226560
24.630	2.197270
24.640	2.197270
24.650	2.197270
24.660	2.197270
24.670	2.197270
24.680	2.197270
24.690	2.197270
24.700	2.197270
24.710	2.197270
24.720	2.197270
24.730	2.197270
24.740	2.158200
24.750	2.119140
24.760	2.109380
24.770	2.109380
24.780	2.089840
24.790	2.089840
24.800	2.080080
24.810	2.080080
24.820	2.050780
24.830	2.001950
24.840	1.953120
24.850	1.953120
24.860	1.943360
24.870	1.894530
24.880	1.845700
24.890	1.796880
24.900	1.748050
24.910	1.738280
24.920	1.728520
24.930	1.728520
24.940	1.728520
24.950	1.728520
24.960	1.728520
24.970	1.728520
24.980	1.728520
24.990	1.728520
25.000	1.728520
25.010	1.728520
25.020	1.728520
25.030	1.728520
25.040	1.728520
25.050	1.728520
25.060	1.728520
25.070	1.728520
25.080	1.728520
25.090	1.728520
25.100	1.728520
25.110	1.728520
25.120	1.728520
25.130	1.728520
25.140	1.728520
25.150	1.728520
25.160	1.728520
25.170	1.728520
25.180	1.728520
25.190	1.728520
25.200	1.728520
25.210	1.728520
25.220	1.728520
25.230	1.728520
25.240	1.728520
25.250	1.738280
25.260	1.835940
25.270	1.904300
25.280	1.904300
25.290	1.904300
25.300	1.904300
25.310	1.904300
25.320	1.904300
25.330	1.904300
25.340	1.904300
25.350	1.904300
25.360	1.904300
25.370	1.904300
25.380	1.904300
25.390	1.904300
25.400	1.904300
25.410	1.904300
25.420	1.904300
25.430	1.904300
25.440	1.904300
25.450	1.904300
25.460	1.904300
25.470	1.904300
25.480	1.904300
25.490	1.904300
25.500	1.904300
25.510	1.904300
25.520	1.904300
25.530	1.904300
25.540	1.904300
25.550	1.904300
25.560	1.904300
25.570	1.904300
25.580	1.904300
25.590	1.904300
25.600	1.904300
25.610	1.904300
25.620	1.904300
25.630	1.904300
25.640	1.904300
25.650	1.904300
25.660	1.904300
25.670	1.904300
25.680	1.904300
25.690	1.904300
25.700	1.904300
25.710	1.904300
25.720	1.865230
25.730	1.826170
25.740	1.748050
25.750	1.679690
25.760	1.630860
25.770	1.611330
25.780	1.591800
25.790	1.542970
25.800	1.523440
25.810	1.523440
25.820	1.523440
25.830	1.503910
25.840	1.503910
25.850	1.455080
25.860	1.455080
25.870	1.455080
25.880	1.435550
25.890	1.406250
25.900	1.406250
25.910	1.406250
25.920	1.406250
25.930	1.406250
25.940	1.406250
25.950	1.406250
25.960	1.406250
25.970	1.406250
25.980	1.406250
25.990	1.406250
26.000	1.406250
26.010	1.406250
26.020	1.406250
26.030	1.406250
26.040	1.406250
26.050	1.406250
26.060	1.406250
26.070	1.406250
26.080	1.406250
26.090	1.406250
26.100	1.406250
26.110	1.406250
26.120	1.406250
26.130	1.406250
26.140	1.406250
26.150	1.406250
26.160	1.406250
26.170	1.406250
26.180	1.406250
26.190	1.406250
26.200	1.406250
26.210	1.406250
26.220	1.406250
26.230	1.406250
26.240	1.406250
26.250	1.406250
26.260	1.406250
26.270	1.406250
26.280	1.406250
26.290	1.406250
26.300	1.406250
26.310	1.406250
26.320	1.406250
26.330	1.406250
26.340	1.406250
26.350	1.406250
26.360	1.406250
26.370	1.406250
26.380	1.406250
26.390	1.406250
26.400	1.406250
26.410	1.406250
26.420	1.406250
26.430	1.406250
26.440	1.406250
26.450	1.406250
26.460	1.406250
26.470	1.406250
26.480	1.406250
26.490	1.406250
26.500	1.406250
26.510	1.406250
26.520	1.406250
26.530	1.406250
26.540	1.406250
26.550	1.406250
26.560	1.406250
26.570	1.406250
26.580	1.406250
26.590	1.406250
26.600	1.406250
26.610	1.406250
26.620	1.406250
26.630	1.406250
26.640	1.406250
26.650	1.406250
26.660	1.406250
26.670	1.406250
26.680	1.406250
26.690	1.406250
26.700	1.406250
26.710	1.406250
26.720	1.406250
26.730	1.406250
26.740	1.406250
26.750	1.406250
26.760	1.406250
26.770	1.406250
26.780	1.406250
26.790	1.406250
26.800	1.406250
26.810	1.406250
26.820	1.406250
26.830	1.406250
26.840	1.406250
26.850	1.406250
26.860	1.406250
26.870	1.406250
26.880	1.406250
26.890	1.406250
26.900	1.406250
26.910	1.406250
26.920	1.406250
26.930	1.406250
26.940	1.406250
26.950	1.406250
26.960	1.406250
26.970	1.406250
26.980	1.406250
26.990	1.406250
27.000	1.406250
27.010	1.406250
27.020	1.406250
27.030	1.406250
27.040	1.406250
27.050	1.406250
27.060	1.406250
27.070	1.406250
27.080	1.376950
27.090	1.298830
27.100	1.230470
27.110	1.191410
27.120	1.171880
27.130	1.171880
27.140	1.171880
27.150	1.171880
27.160	1.171880
27.170	1.171880
27.180	1.171880
27.190	1.171880
27.200	1.171880
27.210	1.171880
27.220	1.171880
27.230	1.171880
27.240	1.171880
27.250	1.171880
27.260	1.171880
27.270	1.171880
27.280	1.171880
27.290	1.171880
27.300	1.171880
27.310	1.171880
27.320	1.171880
27.330	1.171880
27.340	1.171880
27.350	1.181640
27.360	1.181640
27.370	1.181640
27.380	1.181640
27.390	1.181640
27.400	1.210940
27.410	1.210940
27.420	1.210940
27.430	1.259770
27.440	1.269530
27.450	1.308590
27.460	1.376950
27.470	1.445310
27.480	1.445310
27.490	1.445310
27.500	1.445310
27.510	1.445310
27.520	1.445310
27.530	1.445310
27.540	1.445310
27.550	1.445310
27.560	1.445310
27.570	1.445310
27.580	1.445310
27.590	1.445310
27.600	1.445310
27.610	1.445310
27.620	1.445310
27.630	1.445310
27.640	1.445310
27.650	1.445310
27.660	1.445310
27.670	1.445310
27.680	1.445310
27.690	1.445310
27.700	1.445310
27.710	1.445310
27.720	1.445310
27.730	1.445310
27.740	1.445310
27.750	1.445310
27.760	1.445310
27.770	1.445310
27.780	1.445310
27.790	1.445310
27.800	1.445310
27.810	1.445310
27.820	1.445310
27.830	1.445310
27.840	1.445310
27.850	1.445310
27.860	1.445310
27.870	1.445310
27.880	1.455080
27.890	1.455080
27.900	1.455080
27.910	1.464840
27.920	1.464840
27.930	1.464840
27.940	1.464840
27.950	1.464840
27.960	1.464840
27.970	1.494140
27.980	1.542970
27.990	1.582030
28.000	1.621090
28.010	1.679690
28.020	1.728520
28.030	1.748050
28.040	1.748050
28.050	1.748050
28.060	1.748050
28.070	1.748050
28.080	1.748050
28.090	1.748050
28.100	1.748050
28.110	1.748050
28.120	1.748050
28.130	1.748050
28.140	1.748050
28.150	1.748050
28.160	1.748050
28.170	1.748050
28.180	1.748050
28.190	1.748050
28.200	1.748050
28.210	1.748050
28.220	1.748050
28.230	1.748050
28.240	1.748050
28.250	1.748050
28.260	1.748050
28.270	1.748050
28.280	1.748050
28.290	1.748050
28.300	1.748050
28.310	1.748050
28.320	1.748050
28.330	1.748050
28.340	1.748050
28.350	1.748050
28.360	1.748050
28.370	1.748050
28.380	1.748050
28.390	1.748050
28.400	1.748050
28.410	1.748050
28.420	1.748050
28.430	1.748050
28.440	1.748050
28.450	1.748050
28.460	1.767580
28.470	1.816410
28.480	1.884770
28.490	1.933590
28.500	1.972660
28.510	2.021480
28.520	2.021480
28.530	2.021480
28.540	2.050780
28.550	2.109380
28.560	2.138670
28.570	2.148440
28.580	2.197270
28.590	2.255860
28.600	2.314450
28.610	2.373050
28.620	2.431640
28.630	2.500000
28.640	2.587890
28.650	2.646480
28.660	2.705080
28.670	2.734380
28.680	2.763670
28.690	2.851560
28.700	2.880860
28.710	2.919920
28.720	2.949220
28.730	2.988280
28.740	3.066410
28.750	3.134770
28.760	3.183590
28.770	3.261720
28.780	3.281250
28.790	3.330080
28.800	3.349610
28.810	3.417970
28.820	3.457030
28.830	3.457030
28.840	3.525390
28.850	3.613280
28.860	3.691410
28.870	3.750000
28.880	3.779300
28.890	3.789060
28.900	3.798830
28.910	3.798830
28.920	3.857420
28.930	3.916020
28.940	3.955080
28.950	4.003910
28.960	4.052730
28.970	4.062500
28.980	4.111330
28.990	4.130860
29.000	4.189450
29.010	4.228520
29.020	4.228520
29.030	4.248050
29.040	4.267580
29.050	4.306640
29.060	4.355470
29.070	4.394530
29.080	4.443360
29.090	4.453120
29.100	4.472660
29.110	4.541020
29.120	4.589840
29.130	4.619140
29.140	4.687500
29.150	4.746090
29.160	4.804690
29.170	4.824220
29.180	4.833980
29.190	4.833980
29.200	4.843750
29.210	4.863280
29.220	4.951170
29.230	5.029300
29.240	5.117190
29.250	5.136720
29.260	5.185550
29.270	5.205080
29.280	5.214840
29.290	5.224610
29.300	5.224610
29.310	5.302730
29.320	5.351560
29.330	5.400390
29.340	5.439450
29.350	5.458980
29.360	5.498050
29.370	5.498050
29.380	5.498050
29.390	5.517580
29.400	5.615230
29.410	5.634770
29.420	5.634770
29.430	5.634770
29.440	5.634770
29.450	5.664060
29.460	5.703120
29.470	5.703120
29.480	5.703120
29.490	5.712890
29.500	5.712890
29.510	5.732420
29.520	5.751950
29.530	5.751950
29.540	5.751950
29.550	5.751950
29.560	5.781250
29.570	5.849610
29.580	5.849610
29.590	5.878910
29.600	5.878910
29.610	5.878910
29.620	5.878910
29.630	5.878910
29.640	5.878910
29.650	5.878910
29.660	5.878910
29.670	5.878910
29.680	5.878910
29.690	5.878910
29.700	5.878910
29.710	5.878910
29.720	5.878910
29.730	5.878910
29.740	5.878910
29.750	5.878910
29.760	5.878910
29.770	5.878910
29.780	5.878910
29.790	5.878910
29.800	5.878910
29.810	5.878910
29.820	5.878910
29.830	5.878910
29.840	5.849610
29.850	5.839840
29.860	5.839840
29.870	5.839840
29.880	5.781250
29.890	5.781250
29.900	5.781250
29.910	5.781250
29.920	5.781250
29.930	5.781250
29.940	5.781250
29.950	5.781250
29.960	5.781250
29.970	5.781250
29.980	5.781250
29.990	5.771480
30.000	5.761720
30.010	5.761720
30.020	5.722660
30.030	5.673830
30.040	5.673830
30.050	5.673830
30.060	5.673830
30.070	5.673830
30.080	5.673830
30.090	5.673830
30.100	5.673830
30.110	5.673830
30.120	5.673830
30.130	5.673830
30.140	5.673830
30.150	5.673830
30.160	5.673830
30.170	5.673830
30.180	5.673830
30.190	5.673830
30.200	5.673830
30.210	5.673830
30.220	5.673830
30.230	5.673830
30.240	5.673830
30.250	5.673830
30.260	5.673830
30.270	5.673830
30.280	5.673830
30.290	5.673830
30.300	5.673830
30.310	5.673830
30.320	5.673830
30.330	5.673830
30.340	5.673830
30.350	5.673830
30.360	5.673830
30.370	5.673830
30.380	5.673830
30.390	5.673830
30.400	5.673830
30.410	5.673830
30.420	5.673830
30.430	5.673830
30.440	5.644530
30.450	5.634770
30.460	5.605470
30.470	5.585940
30.480	5.585940
30.490	5.585940
30.500	5.585940
30.510	5.585940
30.520	5.585940
30.530	5.585940
30.540	5.585940
30.550	5.585940
30.560	5.585940
30.570	5.585940
30.580	5.585940
30.590	5.585940
30.600	5.585940
30.610	5.585940
30.620	5.585940
30.630	5.585940
30.640	5.585940
30.650	5.585940
30.660	5.585940
30.670	5.585940
30.680	5.585940
30.690	5.585940
30.700	5.585940
30.710	5.585940
30.720	5.517580
30.730	5.507810
30.740	5.449220
30.750	5.449220
30.760	5.449220
30.770	5.449220
30.780	5.449220
30.790	5.449220
30.800	5.449220
30.810	5.449220
30.820	5.449220
30.830	5.449220
30.840	5.449220
30.850	5.449220
30.860	5.449220
30.870	5.449220
30.880	5.449220
30.890	5.449220
30.900	5.449220
30.910	5.449220
30.920	5.449220
30.930	5.449220
30.940	5.449220
30.950	5.449220
30.960	5.449220
30.970	5.449220
30.980	5.449220
30.990	5.449220
31.000	5.449220
31.010	5.449220
31.020	5.449220
31.030	5.449220
31.040	5.449220
31.050	5.449220
31.060	5.458980
31.070	5.458980
31.080	5.458980
31.090	5.458980
31.100	5.458980
31.110	5.458980
31.120	5.458980
31.130	5.458980
31.140	5.458980
31.150	5.458980
31.160	5.458980
31.170	5.458980
31.180	5.458980
31.190	5.458980
31.200	5.458980
31.210	5.458980
31.220	5.458980
31.230	5.458980
31.240	5.458980
31.250	5.458980
31.260	5.458980
31.270	5.458980
31.280	5.458980
31.290	5.458980
31.300	5.458980
31.310	5.458980
31.320	5.458980
31.330	5.458980
31.340	5.458980
31.350	5.458980
31.360	5.458980
31.370	5.458980
31.380	5.458980
31.390	5.458980
31.400	5.458980
31.410	5.458980
31.420	5.458980
31.430	5.458980
31.440	5.458980
31.450	5.458980
31.460	5.458980
31.470	5.458980
31.480	5.458980
31.490	5.458980
31.500	5.478520
31.510	5.478520
31.520	5.478520
31.530	5.478520
31.540	5.478520
31.550	5.478520
31.560	5.478520
31.570	5.478520
31.580	5.478520
31.590	5.478520
31.600	5.478520
31.610	5.478520
31.620	5.478520
31.630	5.478520
31.640	5.478520
31.650	5.478520
31.660	5.478520
31.670	5.478520
31.680	5.478520
31.690	5.478520
31.700	5.488280
31.710	5.537110
31.720	5.537110
31.730	5.537110
31.740	5.537110
31.750	5.537110
31.760	5.537110
31.770	5.537110
31.780	5.537110
31.790	5.537110
31.800	5.537110
31.810	5.537110
31.820	5.537110
31.830	5.537110
31.840	5.537110
31.850	5.537110
31.860	5.537110
31.870	5.537110
31.880	5.537110
31.890	5.537110
31.900	5.537110
31.910	5.537110
31.920	5.537110
31.930	5.537110
31.940	5.537110
31.950	5.537110
31.960	5.537110
31.970	5.537110
31.980	5.537110
31.990	5.537110
32.000	5.566410
32.010	5.566410
32.020	5.576170
32.030	5.595700
32.040	5.654300
32.050	5.673830
32.060	5.673830
32.070	5.673830
32.080	5.673830
32.090	5.673830
32.100	5.673830
32.110	5.673830
32.120	5.673830
32.130	5.673830
32.140	5.673830
32.150	5.673830
32.160	5.732420
32.170	5.800780
32.180	5.800780
32.190	5.800780
32.200	5.800780
32.210	5.800780
32.220	5.800780
32.230	5.800780
32.240	5.800780
32.250	5.839840
32.260	5.839840
32.270	5.839840
32.280	5.839840
32.290	5.839840
32.300	5.849610
32.310	5.869140
32.320	5.937500
32.330	5.957030
32.340	5.957030
32.350	5.957030
32.360	5.957030
32.370	5.957030
32.380	5.957030
32.390	5.957030
32.400	5.957030
32.410	5.957030
32.420	5.957030
32.430	5.957030
32.440	5.957030
32.450	5.957030
32.460	5.957030
32.470	5.957030
32.480	5.957030
32.490	5.957030
32.500	5.957030
32.510	5.957030
32.520	5.957030
32.530	5.947270
32.540	5.927730
32.550	5.927730
32.560	5.927730
32.570	5.927730
32.580	5.888670
32.590	5.878910
32.600	5.878910
32.610	5.878910
32.620	5.878910
32.630	5.878910
32.640	5.878910
32.650	5.839840
32.660	5.839840
32.670	5.810550
32.680	5.810550
32.690	5.810550
32.700	5.810550
32.710	5.810550
32.720	5.810550
32.730	5.810550
32.740	5.810550
32.750	5.810550
32.760	5.810550
32.770	5.810550
32.780	5.810550
32.790	5.810550
32.800	5.810550
32.810	5.810550
32.820	5.810550
32.830	5.781250
32.840	5.781250
32.850	5.781250
32.860	5.781250
32.870	5.781250
32.880	5.781250
32.890	5.781250
32.900	5.781250
32.910	5.781250
32.920	5.781250
32.930	5.781250
32.940	5.781250
32.950	5.781250
32.960	5.781250
32.970	5.781250
32.980	5.781250
32.990	5.781250
33.000	5.781250
33.010	5.781250
33.020	5.781250
33.030	5.781250
33.040	5.781250
33.050	5.781250
33.060	5.781250
33.070	5.781250
33.080	5.781250
33.090	5.781250
33.100	5.781250
33.110	5.781250
33.120	5.781250
33.130	5.781250
33.140	5.781250
33.150	5.781250
33.160	5.781250
33.170	5.781250
33.180	5.781250
33.190	5.781250
33.200	5.781250
33.210	5.781250
33.220	5.781250
33.230	5.781250
33.240	5.781250
33.250	5.781250
33.260	5.781250
33.270	5.781250
33.280	5.781250
33.290	5.781250
33.300	5.781250
33.310	5.781250
33.320	5.781250
33.330	5.781250
33.340	5.781250
33.350	5.781250
33.360	5.781250
33.370	5.781250
33.380	5.781250
33.390	5.781250
33.400	5.781250
33.410	5.781250
33.420	5.781250
33.430	5.781250
33.440	5.781250
33.450	5.781250
33.460	5.781250
33.470	5.781250
33.480	5.781250
33.490	5.781250
33.500	5.781250
33.510	5.781250
33.520	5.781250
33.530	5.781250
33.540	5.781250
33.550	5.781250
33.560	5.781250
33.570	5.781250
33.580	5.781250
33.590	5.781250
33.600	5.781250
33.610	5.781250
33.620	5.781250
33.630	5.781250
33.640	5.781250
33.650	5.781250
33.660	5.781250
33.670	5.781250
33.680	5.781250
33.690	5.781250
33.700	5.781250
33.710	5.781250
33.720	5.781250
33.730	5.781250
33.740	5.781250
33.750	5.781250
33.760	5.781250
33.770	5.781250
33.780	5.781250
33.790	5.781250
33.800	5.781250
33.810	5.781250
33.820	5.781250
33.830	5.781250
33.840	5.781250
33.850	5.781250
33.860	5.781250
33.870	5.781250
33.880	5.781250
33.890	5.781250
33.900	5.781250
33.910	5.781250
33.920	5.781250
33.930	5.781250
33.940	5.781250
33.950	5.776370
33.960	5.761720
33.970	5.756840
33.980	5.732420
33.990	5.732420
34.000	5.732420
34.010	5.732420
34.020	5.732420
34.030	5.732420
34.040	5.712890
34.050	5.698240
34.060	5.688480
34.070	5.673830
34.080	5.649410
34.090	5.629880
34.100	5.610350
34.110	5.571290
34.120	5.532230
34.130	5.502930
34.140	5.473630
34.150	5.458980
34.160	5.444340
34.170	5.444340
34.180	5.444340
34.190	5.444340
34.200	5.444340
34.210	5.444340
34.220	5.444340
34.230	5.444340
34.240	5.444340
34.250	5.444340
34.260	5.444340
34.270	5.434570
34.280	5.429690
34.290	5.429690
34.300	5.429690
34.310	5.429690
34.320	5.429690
34.330	5.429690
34.340	5.429690
34.350	5.429690
34.360	5.429690
34.370	5.429690
34.380	5.429690
34.390	5.429690
34.400	5.429690
34.410	5.429690
34.420	5.429690
34.430	5.429690
34.440	5.429690
34.450	5.429690
34.460	5.429690
34.470	5.429690
34.480	5.429690
34.490	5.429690
34.500	5.429690
34.510	5.429690
34.520	5.429690
34.530	5.429690
34.540	5.429690
34.550	5.429690
34.560	5.429690
34.570	5.429690
34.580	5.429690
34.590	5.429690
34.600	5.429690
34.610	5.429690
34.620	5.429690
34.630	5.429690
34.640	5.429690
34.650	5.429690
34.660	5.429690
34.670	5.429690
34.680	5.429690
34.690	5.429690
34.700	5.429690
34.710	5.429690
34.720	5.429690
34.730	5.429690
34.740	5.429690
34.750	5.429690
34.760	5.429690
34.770	5.429690
34.780	5.429690
34.790	5.429690
34.800	5.429690
34.810	5.429690
34.820	5.429690
34.830	5.429690
34.840	5.429690
34.850	5.429690
34.860	5.429690
34.870	5.429690
34.880	5.429690
34.890	5.429690
34.900	5.429690
34.910	5.429690
34.920	5.429690
34.930	5.429690
34.940	5.429690
34.950	5.429690
34.960	5.429690
34.970	5.429690
34.980	5.429690
34.990	5.429690
35.000	5.429690
35.010	5.419920
35.020	5.395510
35.030	5.371090
35.040	5.356450
35.050	5.346680
35.060	5.307620
35.070	5.278320
35.080	5.278320
35.090	5.278320
35.100	5.278320
35.110	5.244140
35.120	5.229490
35.130	5.214840
35.140	5.205080
35.150	5.185550
35.160	5.180660
35.170	5.170900
35.180	5.146480
35.190	5.141600
35.200	5.141600
35.210	5.141600
35.220	5.141600
35.230	5.141600
35.240	5.141600
35.250	5.136720
35.260	5.107420
35.270	5.107420
35.280	5.107420
35.290	5.107420
35.300	5.107420
35.310	5.107420
35.320	5.107420
35.330	5.107420
35.340	5.107420
35.350	5.107420
35.360	5.107420
35.370	5.107420
35.380	5.107420
35.390	5.107420
35.400	5.107420
35.410	5.107420
35.420	5.107420
35.430	5.107420
35.440	5.107420
35.450	5.107420
35.460	5.107420
35.470	5.107420
35.480	5.107420
35.490	5.107420
35.500	5.107420
35.510	5.107420
35.520	5.107420
35.530	5.107420
35.540	5.107420
35.550	5.107420
35.560	5.107420
35.570	5.107420
35.580	5.107420
35.590	5.107420
35.600	5.107420
35.610	5.107420
35.620	5.107420
35.630	5.107420
35.640	5.107420
35.650	5.107420
35.660	5.107420
35.670	5.107420
35.680	5.107420
35.690	5.107420
35.700	5.107420
35.710	5.107420
35.720	5.107420
35.730	5.107420
35.740	5.107420
35.750	5.107420
35.760	5.107420
35.770	5.107420
35.780	5.107420
35.790	5.107420
35.800	5.107420
35.810	5.107420
35.820	5.107420
35.830	5.107420
35.840	5.107420
35.850	5.107420
35.860	5.107420
35.870	5.107420
35.880	5.107420
35.890	5.107420
35.900	5.107420
35.910	5.107420
35.920	5.107420
35.930	5.107420
35.940	5.107420
35.950	5.107420
35.960	5.107420
35.970	5.107420
35.980	5.107420
35.990	5.107420
36.000	5.107420
36.010	5.107420
36.020	5.107420
36.030	5.107420
36.040	5.107420
36.050	5.107420
36.060	5.107420
36.070	5.107420
36.080	5.107420
36.090	5.107420
36.100	5.107420
36.110	5.107420
36.120	5.107420
36.130	5.107420
36.140	5.107420
36.150	5.107420
36.160	5.107420
36.170	5.107420
36.180	5.107420
36.190	5.102540
36.200	5.097660
36.210	5.097660
36.220	5.097660
36.230	5.097660
36.240	5.097660
36.250	5.097660
36.260	5.097660
36.270	5.097660
36.280	5.097660
36.290	5.097660
36.300	5.097660
36.310	5.097660
36.320	5.097660
36.330	5.097660
36.340	5.068360
36.350	5.063480
36.360	5.063480
36.370	5.058590
36.380	5.058590
36.390	5.053710
36.400	5.034180
36.410	5.019530
36.420	4.990230
36.430	4.946290
36.440	4.902340
36.450	4.873050
36.460	4.873050
36.470	4.873050
36.480	4.873050
36.490	4.873050
36.500	4.868160
36.510	4.863280
36.520	4.863280
36.530	4.843750
36.540	4.814450
36.550	4.794920
36.560	4.770510
36.570	4.741210
36.580	4.726560
36.590	4.726560
36.600	4.726560
36.610	4.726560
36.620	4.726560
36.630	4.726560
36.640	4.726560
36.650	4.726560
36.660	4.726560
36.670	4.726560
36.680	4.726560
36.690	4.711910
36.700	4.711910
36.710	4.702150
36.720	4.682620
36.730	4.658200
36.740	4.624020
36.750	4.584960
36.760	4.584960
36.770	4.584960
36.780	4.584960
36.790	4.584960
36.800	4.584960
36.810	4.584960
36.820	4.584960
36.830	4.570310
36.840	4.570310
36.850	4.570310
36.860	4.570310
36.870	4.570310
36.880	4.570310
36.890	4.570310
36.900	4.570310
36.910	4.570310
36.920	4.570310
36.930	4.570310
36.940	4.570310
36.950	4.570310
36.960	4.570310
36.970	4.570310
36.980	4.570310
36.990	4.570310
37.000	4.570310
37.010	4.570310
37.020	4.570310
37.030	4.570310
37.040	4.570310
37.050	4.570310
37.060	4.570310
37.070	4.570310
37.080	4.570310
37.090	4.570310
37.100	4.541020
37.110	4.511720
37.120	4.482420
37.130	4.482420
37.140	4.467770
37.150	4.467770
37.160	4.467770
37.170	4.467770
37.180	4.433590
37.190	4.433590
37.200	4.409180
37.210	4.389650
37.220	4.389650
37.230	4.389650
37.240	4.389650
37.250	4.389650
37.260	4.389650
37.270	4.389650
37.280	4.389650
37.290	4.389650
37.300	4.389650
37.310	4.389650
37.320	4.389650
37.330	4.389650
37.340	4.389650
37.350	4.389650
37.360	4.389650
37.370	4.389650
37.380	4.389650
37.390	4.389650
37.400	4.389650
37.410	4.389650
37.420	4.370120
37.430	4.365230
37.440	4.365230
37.450	4.365230
37.460	4.365230
37.470	4.365230
37.480	4.365230
37.490	4.365230
37.500	4.365230
37.510	4.365230
37.520	4.365230
37.530	4.365230
37.540	4.365230
37.550	4.365230
37.560	4.365230
37.570	4.365230
37.580	4.365230
37.590	4.365230
37.600	4.345700
37.610	4.340820
37.620	4.321290
37.630	4.321290
37.640	4.321290
37.650	4.321290
37.660	4.306640
37.670	4.287110
37.680	4.287110
37.690	4.277340
37.700	4.262700
37.710	4.257810
37.720	4.257810
37.730	4.257810
37.740	4.257810
37.750	4.257810
37.760	4.257810
37.770	4.252930
37.780	4.238280
37.790	4.238280
37.800	4.238280
37.810	4.238280
37.820	4.238280
37.830	4.238280
37.840	4.228520
37.850	4.208980
37.860	4.184570
37.870	4.184570
37.880	4.160160
37.890	4.160160
37.900	4.160160
37.910	4.160160
37.920	4.160160
37.930	4.160160
37.940	4.160160
37.950	4.160160
37.960	4.150390
37.970	4.150390
37.980	4.150390
37.990	4.150390
38.000	4.150390
38.010	4.150390
38.020	4.150390
38.030	4.150390
38.040	4.150390
38.050	4.150390
38.060	4.135740
38.070	4.130860
38.080	4.111330
38.090	4.072270
38.100	4.052730
38.110	4.047850
38.120	4.042970
38.130	4.028320
38.140	4.028320
38.150	4.028320
38.160	4.028320
38.170	4.028320
38.180	4.028320
38.190	4.028320
38.200	4.028320
38.210	4.028320
38.220	4.028320
38.230	4.028320
38.240	4.028320
38.250	4.028320
38.260	4.028320
38.270	4.028320
38.280	4.028320
38.290	4.028320
38.300	4.028320
38.310	4.028320
38.320	4.028320
38.330	4.028320
38.340	4.028320
38.350	4.028320
38.360	4.028320
38.370	4.028320
38.380	4.028320
38.390	4.028320
38.400	4.028320
38.410	4.028320
38.420	4.028320
38.430	4.028320
38.440	4.028320
38.450	3.984380
38.460	3.979490
38.470	3.969730
38.480	3.955080
38.490	3.955080
38.500	3.955080
38.510	3.955080
38.520	3.955080
38.530	3.955080
38.540	3.955080
38.550	3.955080
38.560	3.955080
38.570	3.955080
38.580	3.955080
38.590	3.955080
38.600	3.955080
38.610	3.955080
38.620	3.955080
38.630	3.955080
38.640	3.955080
38.650	3.955080
38.660	3.955080
38.670	3.955080
38.680	3.950200
38.690	3.930660
38.700	3.911130
38.710	3.911130
38.720	3.911130
38.730	3.911130
38.740	3.911130
38.750	3.911130
38.760	3.911130
38.770	3.911130
38.780	3.911130
38.790	3.886720
38.800	3.862300
38.810	3.847660
38.820	3.823240
38.830	3.789060
38.840	3.779300
38.850	3.769530
38.860	3.764650
38.870	3.764650
38.880	3.764650
38.890	3.764650
38.900	3.764650
38.910	3.764650
38.920	3.764650
38.930	3.764650
38.940	3.735350
38.950	3.730470
38.960	3.730470
38.970	3.730470
38.980	3.730470
38.990	3.730470
39.000	3.730470
39.010	3.730470
39.020	3.730470
39.030	3.730470
39.040	3.735350
39.050	3.759770
39.060	3.784180
39.070	3.818360
39.080	3.818360
39.090	3.818360
39.100	3.818360
39.110	3.818360
39.120	3.818360
39.130	3.818360
39.140	3.818360
39.150	3.818360
39.160	3.818360
39.170	3.818360
39.180	3.818360
39.190	3.818360
39.200	3.818360
39.210	3.818360
39.220	3.818360
39.230	3.818360
39.240	3.818360
39.250	3.818360
39.260	3.813480
39.270	3.808590
39.280	3.789060
39.290	3.789060
39.300	3.789060
39.310	3.789060
39.320	3.789060
39.330	3.789060
39.340	3.789060
39.350	3.789060
39.360	3.789060
39.370	3.789060
39.380	3.774410
39.390	3.774410
39.400	3.764650
39.410	3.745120
39.420	3.745120
39.430	3.745120
39.440	3.735350
39.450	3.696290
39.460	3.676760
39.470	3.671880
39.480	3.671880
39.490	3.671880
39.500	3.671880
39.510	3.671880
39.520	3.671880
39.530	3.671880
39.540	3.671880
39.550	3.671880
39.560	3.652340
39.570	3.652340
39.580	3.652340
39.590	3.652340
39.600	3.652340
39.610	3.652340
39.620	3.652340
39.630	3.652340
39.640	3.652340
39.650	3.652340
39.660	3.652340
39.670	3.652340
39.680	3.652340
39.690	3.652340
39.700	3.652340
39.710	3.652340
39.720	3.652340
39.730	3.652340
39.740	3.652340
39.750	3.652340
39.760	3.652340
39.770	3.652340
39.780	3.652340
39.790	3.652340
39.800	3.652340
39.810	3.652340
39.820	3.652340
39.830	3.652340
39.840	3.652340
39.850	3.652340
39.860	3.652340
39.870	3.652340
39.880	3.652340
39.890	3.652340
39.900	3.652340
39.910	3.652340
39.920	3.652340
39.930	3.652340
39.940	3.652340
39.950	3.652340
39.960	3.652340
39.970	3.652340
39.980	3.652340
39.990	3.652340
40.000	3.652340
