# time_in_ns	dG_in_kT
0.000	0.000000
0.010	20.000000
0.020	40.000000
0.030	40.000000
0.040	40.000000
0.050	40.000000
0.060	40.000000
0.070	40.000000
0.080	40.000000
0.090	40.000000
0.100	40.000000
0.110	40.000000
0.120	40.000000
0.130	40.000000
0.140	40.000000
0.150	40.000000
0.160	10.000000
0.170	-20.000000
0.180	-70.000000
0.190	-90.000000
0.200	-90.000000
0.210	-90.000000
0.220	-90.000000
0.230	-90.000000
0.240	-90.000000
0.250	-90.000000
0.260	-90.000000
0.270	-90.000000
0.280	-90.000000
0.290	-90.000000
0.300	-90.000000
0.310	-70.000000
0.320	-40.000000
0.330	0.000000
0.340	40.000000
0.350	40.000000
0.360	40.000000
0.370	40.000000
0.380	40.000000
0.390	40.000000
0.400	40.000000
0.410	40.000000
0.420	40.000000
0.430	40.000000
0.440	40.000000
0.450	40.000000
0.460	40.000000
0.470	40.000000
0.480	5.000000
0.490	5.000000
0.500	-25.000000
0.510	-25.000000
0.520	-25.000000
0.530	-25.000000
0.540	-25.000000
0.550	-25.000000
0.560	-25.000000
0.570	-25.000000
0.580	-25.000000
0.590	-25.000000
0.600	-25.000000
0.610	-25.000000
0.620	-25.000000
0.630	-25.000000
0.640	-25.000000
0.650	-25.000000
0.660	-25.000000
0.670	-45.000000
0.680	-60.000000
0.690	-60.000000
0.700	-60.000000
0.710	-60.000000
0.720	-60.000000
0.730	-60.000000
0.740	-60.000000
0.750	-60.000000
0.760	-60.000000
0.770	-60.000000
0.780	-60.000000
0.790	-60.000000
0.800	-60.000000
0.810	-60.000000
0.820	-60.000000
0.830	-60.000000
0.840	-40.000000
0.850	-40.000000
0.860	-40.000000
0.870	-40.000000
0.880	-35.000000
0.890	15.000000
0.900	30.000000
0.910	30.000000
0.920	30.000000
0.930	30.000000
0.940	30.000000
0.950	30.000000
0.960	30.000000
0.970	30.000000
0.980	30.000000
0.990	30.000000
1.000	30.000000
1.010	45.000000
1.020	57.500000
1.030	57.500000
1.040	57.500000
1.050	57.500000
1.060	57.500000
1.070	57.500000
1.080	57.500000
1.090	57.500000
1.100	57.500000
1.110	45.000000
1.120	35.000000
1.130	22.500000
1.140	20.000000
1.150	2.500000
1.160	2.500000
1.170	2.500000
1.180	2.500000
1.190	-7.500000
1.200	-15.000000
1.210	-15.000000
1.220	-15.000000
1.230	-15.000000
1.240	-15.000000
1.250	-22.500000
1.260	-22.500000
1.270	-35.000000
1.280	-37.500000
1.290	-37.500000
1.300	-37.500000
1.310	-37.500000
1.320	-37.500000
1.330	-37.500000
1.340	-37.500000
1.350	-37.500000
1.360	-37.500000
1.370	-37.500000
1.380	-37.500000
1.390	-25.000000
1.400	-25.000000
1.410	-22.500000
1.420	-5.000000
1.430	-2.500000
1.440	-2.500000
1.450	-2.500000
1.460	-2.500000
1.470	-2.500000
1.480	-2.500000
1.490	-2.500000
1.500	-2.500000
1.510	-2.500000
1.520	-2.500000
1.530	-2.500000
1.540	-2.500000
1.550	-2.500000
1.560	-2.500000
1.570	-2.500000
1.580	7.500000
1.590	22.500000
1.600	22.500000
1.610	22.500000
1.620	22.500000
1.630	22.500000
1.640	22.500000
1.650	22.500000
1.660	22.500000
1.670	22.500000
1.680	22.500000
1.690	20.000000
1.700	10.000000
1.710	10.000000
1.720	10.000000
1.730	0.000000
1.740	0.000000
1.750	0.000000
1.760	0.000000
1.770	0.000000
1.780	0.000000
1.790	0.000000
1.800	0.000000
1.810	0.000000
1.820	0.000000
1.830	0.000000
1.840	0.000000
1.850	0.000000
1.860	0.000000
1.870	0.000000
1.880	0.000000
1.890	0.000000
1.900	0.000000
1.910	0.000000
1.920	0.000000
1.930	0.000000
1.940	0.000000
1.950	0.000000
1.960	0.000000
1.970	0.000000
1.980	0.000000
1.990	0.000000
2.000	0.000000
2.010	0.000000
2.020	0.000000
2.030	-7.500000
2.040	-7.500000
2.050	-13.750000
2.060	-18.750000
2.070	-18.750000
2.080	-18.750000
2.090	-23.750000
2.100	-27.500000
2.110	-33.750000
2.120	-33.750000
2.130	-33.750000
2.140	-33.750000
2.150	-33.750000
2.160	-33.750000
2.170	-33.750000
2.180	-33.750000
2.190	-33.750000
2.200	-33.750000
2.210	-33.750000
2.220	-33.750000
2.230	-33.750000
2.240	-33.750000
2.250	-33.750000
2.260	-40.000000
2.270	-40.000000
2.280	-40.000000
2.290	-40.000000
2.300	-40.000000
2.310	-40.000000
2.320	-40.000000
2.330	-45.000000
2.340	-45.000000
2.350	-52.500000
2.360	-56.250000
2.370	-56.250000
2.380	-56.250000
2.390	-56.250000
2.400	-56.250000
2.410	-48.750000
2.420	-47.500000
2.430	-47.500000
2.440	-45.000000
2.450	-37.500000
2.460	-37.500000
2.470	-37.500000
2.480	-32.500000
2.490	-31.250000
2.500	-23.750000
2.510	-21.250000
2.520	-21.250000
2.530	-21.250000
2.540	-16.250000
2.550	-16.250000
2.560	-16.250000
2.570	-13.750000
2.580	-13.750000
2.590	-13.750000
2.600	-13.750000
2.610	-13.750000
2.620	-13.750000
2.630	-13.750000
2.640	-13.750000
2.650	-13.750000
2.660	-8.750000
2.670	-1.250000
2.680	0.000000
2.690	0.000000
2.700	0.000000
2.710	0.000000
2.720	0.000000
2.730	0.000000
2.740	0.000000
2.750	0.000000
2.760	0.000000
2.770	0.000000
2.780	0.000000
2.790	0.000000
2.800	0.000000
2.810	0.000000
2.820	0.000000
2.830	0.000000
2.840	0.000000
2.850	0.000000
2.860	0.000000
2.870	0.000000
2.880	0.000000
2.890	0.000000
2.900	0.000000
2.910	0.000000
2.920	0.000000
2.930	0.000000
2.940	0.000000
2.950	0.000000
2.960	0.000000
2.970	0.000000
2.980	0.000000
2.990	0.000000
3.000	0.000000
3.010	0.000000
3.020	0.000000
3.030	0.000000
3.040	0.000000
3.050	0.000000
3.060	0.000000
3.070	0.000000
3.080	0.000000
3.090	0.000000
3.100	0.000000
3.110	-1.250000
3.120	-3.125000
3.130	-3.125000
3.140	-3.125000
3.150	-3.125000
3.160	-3.125000
3.170	-3.125000
3.180	-3.125000
3.190	-3.125000
3.200	-6.875000
3.210	-6.875000
3.220	-6.875000
3.230	-6.875000
3.240	-10.625000
3.250	-13.125000
3.260	-16.250000
3.270	-16.250000
3.280	-16.250000
3.290	-16.250000
3.300	-16.250000
3.310	-16.250000
3.320	-16.250000
3.330	-16.250000
3.340	-16.250000
3.350	-16.250000
3.360	-16.250000
3.370	-11.250000
3.380	-7.500000
3.390	-5.625000
3.400	-5.625000
3.410	-5.625000
3.420	-5.625000
3.430	-5.625000
3.440	-5.625000
3.450	-5.625000
3.460	-5.625000
3.470	-5.625000
3.480	-5.625000
3.490	-5.625000
3.500	-5.625000
3.510	-5.625000
3.520	-5.625000
3.530	-5.625000
3.540	-5.625000
3.550	-7.500000
3.560	-9.375000
3.570	-9.375000
3.580	-9.375000
3.590	-9.375000
3.600	-9.375000
3.610	-9.375000
3.620	-9.375000
3.630	-9.375000
3.640	-6.250000
3.650	-3.750000
3.660	-3.750000
3.670	-3.750000
3.680	-3.750000
3.690	-3.750000
3.700	-3.750000
3.710	-3.750000
3.720	-3.750000
3.730	-1.250000
3.740	-1.250000
3.750	-0.625000
3.760	3.125000
3.770	4.375000
3.780	4.375000
3.790	4.375000
3.800	4.375000
3.810	4.375000
3.820	4.375000
3.830	4.375000
3.840	4.375000
3.850	4.375000
3.860	4.375000
3.870	4.375000
3.880	4.375000
3.890	4.375000
3.900	4.375000
3.910	4.375000
3.920	4.375000
3.930	4.375000
3.940	4.375000
3.950	4.375000
3.960	4.375000
3.970	4.375000
3.980	4.375000
3.990	4.375000
4.000	4.375000
4.010	4.375000
4.020	4.375000
4.030	4.375000
4.040	4.375000
4.050	3.125000
4.060	3.125000
4.070	1.562500
4.080	1.562500
4.090	1.562500
4.100	1.562500
4.110	1.562500
4.120	1.562500
4.130	1.562500
4.140	1.562500
4.150	1.562500
4.160	1.562500
4.170	1.562500
4.180	1.562500
4.190	1.562500
4.200	1.562500
4.210	1.562500
4.220	1.562500
4.230	-0.312500
4.240	-2.187500
4.250	-2.812500
4.260	-3.125000
4.270	-5.000000
4.280	-5.625000
4.290	-5.625000
4.300	-7.500000
4.310	-7.500000
4.320	-7.500000
4.330	-7.500000
4.340	-7.500000
4.350	-7.500000
4.360	-7.500000
4.370	-7.500000
4.380	-7.500000
4.390	-7.500000
4.400	-7.500000
4.410	-7.500000
4.420	-7.500000
4.430	-7.500000
4.440	-7.500000
4.450	-7.500000
4.460	-7.500000
4.470	-7.500000
4.480	-7.500000
4.490	-7.500000
4.500	-7.500000
4.510	-7.500000
4.520	-7.500000
4.530	-7.500000
4.540	-7.500000
4.550	-7.500000
4.560	-6.875000
4.570	-4.687500
4.580	-4.687500
4.590	-4.375000
4.600	-4.375000
4.610	-4.375000
4.620	-4.375000
4.630	-4.375000
4.640	-1.562500
4.650	-0.312500
4.660	-0.312500
4.670	2.187500
4.680	2.187500
4.690	2.187500
4.700	2.187500
4.710	2.187500
4.720	2.187500
4.730	2.187500
4.740	2.187500
4.750	2.187500
4.760	2.187500
4.770	2.187500
4.780	2.187500
4.790	2.187500
4.800	2.187500
4.810	2.187500
4.820	2.187500
4.830	2.187500
4.840	2.187500
4.850	2.187500
4.860	2.187500
4.870	2.187500
4.880	2.187500
4.890	2.187500
4.900	2.187500
4.910	2.187500
4.920	2.187500
4.930	2.187500
4.940	2.187500
4.950	2.187500
4.960	2.187500
4.970	2.187500
4.980	1.250000
4.990	-0.312500
5.000	-0.312500
5.010	-0.312500
5.020	-0.312500
5.030	-2.187500
5.040	-3.437500
5.050	-4.062500
5.060	-4.062500
5.070	-4.062500
5.080	-4.062500
5.090	-4.062500
5.100	-4.062500
5.110	-4.062500
5.120	-4.062500
5.130	-4.062500
5.140	-4.062500
5.150	-4.062500
5.160	-4.062500
5.170	-4.062500
5.180	-4.062500
5.190	-4.062500
5.200	-4.062500
5.210	-3.125000
5.220	-3.125000
5.230	-3.125000
5.240	-3.125000
5.250	-3.125000
5.260	-1.875000
5.270	-0.937500
5.280	-0.937500
5.290	-0.312500
5.300	-0.312500
5.310	-0.312500
5.320	-0.312500
5.330	-0.312500
5.340	-0.312500
5.350	-0.312500
5.360	-0.312500
5.370	-0.312500
5.380	-0.312500
5.390	-0.312500
5.400	-0.312500
5.410	-0.312500
5.420	-0.312500
5.430	-0.312500
5.440	-0.312500
5.450	0.000000
5.460	0.000000
5.470	0.937500
5.480	1.406250
5.490	1.406250
5.500	1.406250
5.510	1.406250
5.520	1.406250
5.530	1.406250
5.540	2.031250
5.550	3.125000
5.560	3.750000
5.570	3.750000
5.580	4.218750
5.590	4.531250
5.600	5.000000
5.610	5.625000
5.620	6.406250
5.630	6.406250
5.640	6.406250
5.650	6.406250
5.660	6.406250
5.670	6.406250
5.680	6.406250
5.690	6.406250
5.700	6.406250
5.710	6.406250
5.720	6.406250
5.730	6.406250
5.740	6.406250
5.750	6.406250
5.760	6.406250
5.770	5.937500
5.780	5.937500
5.790	5.937500
5.800	5.937500
5.810	5.937500
5.820	5.937500
5.830	5.937500
5.840	5.937500
5.850	5.937500
5.860	5.625000
5.870	5.000000
5.880	4.531250
5.890	4.062500
5.900	4.062500
5.910	3.281250
5.920	3.281250
5.930	3.125000
5.940	3.125000
5.950	3.125000
5.960	3.125000
5.970	3.125000
5.980	3.125000
5.990	3.125000
6.000	3.125000
6.010	3.125000
6.020	3.125000
6.030	3.125000
6.040	3.125000
6.050	3.125000
6.060	3.125000
6.070	3.125000
6.080	3.125000
6.090	3.125000
6.100	3.125000
6.110	3.125000
6.120	3.125000
6.130	3.125000
6.140	3.125000
6.150	3.125000
6.160	3.125000
6.170	3.125000
6.180	3.125000
6.190	3.125000
6.200	3.125000
6.210	3.125000
6.220	3.125000
6.230	3.125000
6.240	3.125000
6.250	3.125000
6.260	3.125000
6.270	3.125000
6.280	3.125000
6.290	3.125000
6.300	3.125000
6.310	3.125000
6.320	3.125000
6.330	3.125000
6.340	3.125000
6.350	3.125000
6.360	3.125000
6.370	3.125000
6.380	3.125000
6.390	3.125000
6.400	3.125000
6.410	3.125000
6.420	3.125000
6.430	2.812500
6.440	2.812500
6.450	2.812500
6.460	2.812500
6.470	2.812500
6.480	2.812500
6.490	2.812500
6.500	2.812500
6.510	1.718750
6.520	1.093750
6.530	0.781250
6.540	0.781250
6.550	0.781250
6.560	0.703120
6.570	0.312500
6.580	0.312500
6.590	0.312500
6.600	0.312500
6.610	0.312500
6.620	0.312500
6.630	0.312500
6.640	0.312500
6.650	0.312500
6.660	0.468750
6.670	0.625000
6.680	1.093750
6.690	1.093750
6.700	1.250000
6.710	1.250000
6.720	1.250000
6.730	1.250000
6.740	1.250000
6.750	1.250000
6.760	1.250000
6.770	1.250000
6.780	1.250000
6.790	1.250000
6.800	1.250000
6.810	1.250000
6.820	1.250000
6.830	1.250000
6.840	1.250000
6.850	1.250000
6.860	1.250000
6.870	1.250000
6.880	1.250000
6.890	1.250000
6.900	1.250000
6.910	1.250000
6.920	1.250000
6.930	1.250000
6.940	1.250000
6.950	1.250000
6.960	1.250000
6.970	1.250000
6.980	1.093750
6.990	1.015620
7.000	1.015620
7.010	0.703120
7.020	0.234380
7.030	0.000000
7.040	-0.156250
7.050	-0.156250
7.060	-0.156250
7.070	-0.156250
7.080	-0.156250
7.090	-0.156250
7.100	-0.156250
7.110	-0.625000
7.120	-0.781250
7.130	-0.937500
7.140	-1.640620
7.150	-2.109380
7.160	-2.187500
7.170	-2.187500
7.180	-2.187500
7.190	-2.187500
7.200	-2.187500
7.210	-2.187500
7.220	-2.187500
7.230	-2.187500
7.240	-2.187500
7.250	-2.187500
7.260	-2.187500
7.270	-2.187500
7.280	-2.187500
7.290	-2.187500
7.300	-2.187500
7.310	-2.187500
7.320	-2.187500
7.330	-2.187500
7.340	-2.187500
7.350	-2.187500
7.360	-2.187500
7.370	-2.187500
7.380	-2.187500
7.390	-2.187500
7.400	-1.875000
7.410	-1.640620
7.420	-1.640620
7.430	-1.640620
7.440	-1.562500
7.450	-1.406250
7.460	-1.406250
7.470	-1.406250
7.480	-1.406250
7.490	-1.406250
7.500	-1.406250
7.510	-1.406250
7.520	-1.406250
7.530	-1.406250
7.540	-1.406250
7.550	-1.406250
7.560	-1.406250
7.570	-1.406250
7.580	-1.406250
7.590	-0.781250
7.600	-0.703120
7.610	-0.703120
7.620	-0.468750
7.630	-0.468750
7.640	-0.468750
7.650	-0.156250
7.660	0.156250
7.670	0.156250
7.680	0.156250
7.690	0.156250
7.700	0.156250
7.710	0.156250
7.720	0.156250
7.730	0.156250
7.740	0.156250
7.750	0.156250
7.760	0.156250
7.770	0.156250
7.780	0.156250
7.790	0.156250
7.800	0.156250
7.810	0.156250
7.820	0.156250
7.830	0.156250
7.840	0.156250
7.850	0.156250
7.860	0.078120
7.870	0.078120
7.880	0.078120
7.890	0.078120
7.900	-0.546880
7.910	-0.859380
7.920	-0.859380
7.930	-0.859380
7.940	-1.093750
7.950	-1.093750
7.960	-1.093750
7.970	-1.093750
7.980	-1.093750
7.990	-1.093750
8.000	-1.093750
8.010	-1.093750
8.020	-1.093750
8.030	-1.093750
8.040	-1.093750
8.050	-1.093750
8.060	-1.093750
8.070	-1.093750
8.080	-1.093750
8.090	-1.093750
8.100	-1.093750
8.110	-1.093750
8.120	-1.093750
8.130	-1.093750
8.140	-1.093750
8.150	-1.093750
8.160	-1.093750
8.170	-1.093750
8.180	-1.093750
8.190	-1.093750
8.200	-1.093750
8.210	-1.093750
8.220	-1.093750
8.230	-1.093750
8.240	-1.093750
8.250	-1.093750
8.260	-1.093750
8.270	-1.093750
8.280	-1.093750
8.290	-1.093750
8.300	-1.093750
8.310	-1.093750
8.320	-1.093750
8.330	-1.093750
8.340	-1.093750
8.350	-1.093750
8.360	-1.093750
8.370	-1.093750
8.380	-1.093750
8.390	-1.093750
8.400	-1.093750
8.410	-1.093750
8.420	-1.093750
8.430	-1.132810
8.440	-1.289060
8.450	-1.523440
8.460	-1.523440
8.470	-1.523440
8.480	-1.523440
8.490	-1.523440
8.500	-1.523440
8.510	-1.523440
8.520	-1.523440
8.530	-1.523440
8.540	-1.523440
8.550	-1.523440
8.560	-1.523440
8.570	-1.523440
8.580	-1.523440
8.590	-1.523440
8.600	-1.523440
8.610	-1.523440
8.620	-1.523440
8.630	-1.523440
8.640	-1.523440
8.650	-1.523440
8.660	-1.445310
8.670	-1.445310
8.680	-1.406250
8.690	-1.289060
8.700	-1.289060
8.710	-1.171880
8.720	-0.859380
8.730	-0.703120
8.740	-0.351560
8.750	-0.234380
8.760	-0.117190
8.770	-0.117190
8.780	0.117190
8.790	0.351560
8.800	0.585940
8.810	0.585940
8.820	0.820310
8.830	1.132810
8.840	1.250000
8.850	1.445310
8.860	1.523440
8.870	1.523440
8.880	1.523440
8.890	1.523440
8.900	1.523440
8.910	1.523440
8.920	1.523440
8.930	1.523440
8.940	1.523440
8.950	1.523440
8.960	1.523440
8.970	1.523440
8.980	1.601560
8.990	1.601560
9.000	1.601560
9.010	1.601560
9.020	1.601560
9.030	1.601560
9.040	1.601560
9.050	1.601560
9.060	1.601560
9.070	1.601560
9.080	1.757810
9.090	1.835940
9.100	2.109380
9.110	2.187500
9.120	2.187500
9.130	2.578120
9.140	2.929690
9.150	2.968750
9.160	2.968750
9.170	2.968750
9.180	2.968750
9.190	3.046880
9.200	3.046880
9.210	3.046880
9.220	3.046880
9.230	3.164060
9.240	3.242190
9.250	3.242190
9.260	3.242190
9.270	3.242190
9.280	3.242190
9.290	3.242190
9.300	3.242190
9.310	3.242190
9.320	3.242190
9.330	3.242190
9.340	3.398440
9.350	3.515620
9.360	3.515620
9.370	3.515620
9.380	3.593750
9.390	3.593750
9.400	3.710940
9.410	3.984380
9.420	4.257810
9.430	4.453120
9.440	4.570310
9.450	4.648440
9.460	4.648440
9.470	4.648440
9.480	4.648440
9.490	4.804690
9.500	5.000000
9.510	5.195310
9.520	5.351560
9.530	5.468750
9.540	5.468750
9.550	5.468750
9.560	5.468750
9.570	5.468750
9.580	5.468750
9.590	5.468750
9.600	5.468750
9.610	5.468750
9.620	5.468750
9.630	5.468750
9.640	5.468750
9.650	5.468750
9.660	5.468750
9.670	5.468750
9.680	5.468750
9.690	5.468750
9.700	5.468750
9.710	5.468750
9.720	5.468750
9.730	5.507810
9.740	5.507810
9.750	5.507810
9.760	5.507810
9.770	5.507810
9.780	5.507810
9.790	5.507810
9.800	5.507810
9.810	5.507810
9.820	5.507810
9.830	5.507810
9.840	5.507810
9.850	5.507810
9.860	5.468750
9.870	5.468750
9.880	5.468750
9.890	5.468750
9.900	5.468750
9.910	5.468750
9.920	5.468750
9.930	5.468750
9.940	5.468750
9.950	5.468750
9.960	5.468750
9.970	5.351560
9.980	5.234380
9.990	5.234380
10.000	5.234380
10.010	5.234380
10.020	5.234380
10.030	5.234380
10.040	5.234380
10.050	5.234380
10.060	5.234380
10.070	5.234380
10.080	5.234380
10.090	5.039060
10.100	5.039060
10.110	5.039060
10.120	5.039060
10.130	5.039060
10.140	5.039060
10.150	5.039060
10.160	5.039060
10.170	5.039060
10.180	5.039060
10.190	5.039060
10.200	5.039060
10.210	5.039060
10.220	5.039060
10.230	5.039060
10.240	5.039060
10.250	5.039060
10.260	5.039060
10.270	5.039060
10.280	5.039060
10.290	5.039060
10.300	5.039060
10.310	5.039060
10.320	5.039060
10.330	5.039060
10.340	5.039060
10.350	5.039060
10.360	5.039060
10.370	5.039060
10.380	5.039060
10.390	5.039060
10.400	5.039060
10.410	5.039060
10.420	5.039060
10.430	5.039060
10.440	5.039060
10.450	5.039060
10.460	5.039060
10.470	5.039060
10.480	5.039060
10.490	5.039060
10.500	5.039060
10.510	5.039060
10.520	5.039060
10.530	5.039060
10.540	5.039060
10.550	5.039060
10.560	5.039060
10.570	5.039060
10.580	5.039060
10.590	5.039060
10.600	5.039060
10.610	5.039060
10.620	5.039060
10.630	5.039060
10.640	4.765620
10.650	4.648440
10.660	4.648440
10.670	4.531250
10.680	4.531250
10.690	4.414060
10.700	4.414060
10.710	4.414060
10.720	4.414060
10.730	4.335940
10.740	4.218750
10.750	3.984380
10.760	3.984380
10.770	3.867190
10.780	3.867190
10.790	3.671880
10.800	3.476560
10.810	3.203120
10.820	2.929690
10.830	2.890620
10.840	2.812500
10.850	2.812500
10.860	2.812500
10.870	2.812500
10.880	2.773440
10.890	2.578120
10.900	2.382810
10.910	2.226560
10.920	2.226560
10.930	2.148440
10.940	2.148440
10.950	2.148440
10.960	2.148440
10.970	2.148440
10.980	2.148440
10.990	2.148440
11.000	2.148440
11.010	2.148440
11.020	2.148440
11.030	2.148440
11.040	2.148440
11.050	2.148440
11.060	2.148440
11.070	2.148440
11.080	2.148440
11.090	2.148440
11.100	2.148440
11.110	2.148440
11.120	2.148440
11.130	2.148440
11.140	2.148440
11.150	2.148440
11.160	2.148440
11.170	2.265620
11.180	2.500000
11.190	2.500000
11.200	2.500000
11.210	2.500000
11.220	2.500000
11.230	2.500000
11.240	2.500000
11.250	2.500000
11.260	2.539060
11.270	2.539060
11.280	2.617190
11.290	2.617190
11.300	2.617190
11.310	2.617190
11.320	2.617190
11.330	2.617190
11.340	2.617190
11.350	2.617190
11.360	2.617190
11.370	2.617190
11.380	2.617190
11.390	2.617190
11.400	2.617190
11.410	2.617190
11.420	2.617190
11.430	2.773440
11.440	2.890620
11.450	3.007810
11.460	3.125000
11.470	3.281250
11.480	3.281250
11.490	3.281250
11.500	3.281250
11.510	3.281250
11.520	3.281250
11.530	3.281250
11.540	3.281250
11.550	3.281250
11.560	3.320310
11.570	3.515620
11.580	3.671880
11.590	3.789060
11.600	3.789060
11.610	3.789060
11.620	3.789060
11.630	3.789060
11.640	3.789060
11.650	3.789060
11.660	3.789060
11.670	3.789060
11.680	3.789060
11.690	3.789060
11.700	3.789060
11.710	3.789060
11.720	3.789060
11.730	3.789060
11.740	3.789060
11.750	3.789060
11.760	3.789060
11.770	3.789060
11.780	3.789060
11.790	3.789060
11.800	3.789060
11.810	3.789060
11.820	3.789060
11.830	3.789060
11.840	3.789060
11.850	3.789060
11.860	3.789060
11.870	3.789060
11.880	3.789060
11.890	3.789060
11.900	3.789060
11.910	3.789060
11.920	3.789060
11.930	3.789060
11.940	3.789060
11.950	3.789060
11.960	3.789060
11.970	3.789060
11.980	3.789060
11.990	3.789060
12.000	3.789060
12.010	3.789060
12.020	3.789060
12.030	3.789060
12.040	3.789060
12.050	3.789060
12.060	3.789060
12.070	3.789060
12.080	3.789060
12.090	3.789060
12.100	3.789060
12.110	3.789060
12.120	3.789060
12.130	3.789060
12.140	3.789060
12.150	3.789060
12.160	3.789060
12.170	3.789060
12.180	3.789060
12.190	3.789060
12.200	3.789060
12.210	3.789060
12.220	3.789060
12.230	3.710940
12.240	3.593750
12.250	3.593750
12.260	3.593750
12.270	3.476560
12.280	3.437500
12.290	3.437500
12.300	3.320310
12.310	3.085940
12.320	2.890620
12.330	2.851560
12.340	2.851560
12.350	2.656250
12.360	2.617190
12.370	2.617190
12.380	2.500000
12.390	2.421880
12.400	2.187500
12.410	2.148440
12.420	2.148440
12.430	2.148440
12.440	2.148440
12.450	2.148440
12.460	2.148440
12.470	2.148440
12.480	2.050780
12.490	1.953120
12.500	1.816410
12.510	1.816410
12.520	1.816410
12.530	1.816410
12.540	1.816410
12.550	1.816410
12.560	1.816410
12.570	1.816410
12.580	1.816410
12.590	1.816410
12.600	1.796880
12.610	1.738280
12.620	1.738280
12.630	1.738280
12.640	1.738280
12.650	1.738280
12.660	1.718750
12.670	1.542970
12.680	1.445310
12.690	1.445310
12.700	1.445310
12.710	1.445310
12.720	1.445310
12.730	1.445310
12.740	1.386720
12.750	1.386720
12.760	1.386720
12.770	1.386720
12.780	1.386720
12.790	1.386720
12.800	1.386720
12.810	1.386720
12.820	1.386720
12.830	1.386720
12.840	1.386720
12.850	1.386720
12.860	1.386720
12.870	1.386720
12.880	1.386720
12.890	1.386720
12.900	1.386720
12.910	1.386720
12.920	1.386720
12.930	1.386720
12.940	1.308590
12.950	1.289060
12.960	1.289060
12.970	1.289060
12.980	1.289060
12.990	1.289060
13.000	1.289060
13.010	1.289060
13.020	1.289060
13.030	1.289060
13.040	1.289060
13.050	1.289060
13.060	1.289060
13.070	1.289060
13.080	1.289060
13.090	1.289060
13.100	1.289060
13.110	1.289060
13.120	1.289060
13.130	1.289060
13.140	1.289060
13.150	1.289060
13.160	1.289060
13.170	1.289060
13.180	1.289060
13.190	1.289060
13.200	1.289060
13.210	1.289060
13.220	1.289060
13.230	1.289060
13.240	1.289060
13.250	1.289060
13.260	1.289060
13.270	1.289060
13.280	1.289060
13.290	1.289060
13.300	1.289060
13.310	1.289060
13.320	1.289060
13.330	1.289060
13.340	1.289060
13.350	1.289060
13.360	1.289060
13.370	1.289060
13.380	1.289060
13.390	1.289060
13.400	1.289060
13.410	1.386720
13.420	1.484380
13.430	1.523440
13.440	1.582030
13.450	1.621090
13.460	1.699220
13.470	1.855470
13.480	1.855470
13.490	1.855470
13.500	1.855470
13.510	1.855470
13.520	1.855470
13.530	1.875000
13.540	1.914060
13.550	2.070310
13.560	2.265620
13.570	2.382810
13.580	2.519530
13.590	2.695310
13.600	2.851560
13.610	3.046880
13.620	3.183590
13.630	3.359380
13.640	3.476560
13.650	3.613280
13.660	3.750000
13.670	3.750000
13.680	3.828120
13.690	3.964840
13.700	4.101560
13.710	4.140620
13.720	4.160160
13.730	4.199220
13.740	4.296880
13.750	4.472660
13.760	4.628910
13.770	4.746090
13.780	4.843750
13.790	4.980470
13.800	5.039060
13.810	5.097660
13.820	5.156250
13.830	5.195310
13.840	5.292970
13.850	5.332030
13.860	5.390620
13.870	5.390620
13.880	5.507810
13.890	5.605470
13.900	5.742190
13.910	5.742190
13.920	5.742190
13.930	5.742190
13.940	5.742190
13.950	5.742190
13.960	5.742190
13.970	5.742190
13.980	5.742190
13.990	5.742190
14.000	5.742190
14.010	5.742190
14.020	5.742190
14.030	5.742190
14.040	5.742190
14.050	5.742190
14.060	5.742190
14.070	5.742190
14.080	5.742190
14.090	5.742190
14.100	5.742190
14.110	5.742190
14.120	5.742190
14.130	5.742190
14.140	5.742190
14.150	5.742190
14.160	5.742190
14.170	5.742190
14.180	5.742190
14.190	5.742190
14.200	5.742190
14.210	5.742190
14.220	5.742190
14.230	5.742190
14.240	5.742190
14.250	5.742190
14.260	5.742190
14.270	5.742190
14.280	5.742190
14.290	5.742190
14.300	5.683590
14.310	5.664060
14.320	5.664060
14.330	5.625000
14.340	5.566410
14.350	5.449220
14.360	5.449220
14.370	5.449220
14.380	5.449220
14.390	5.449220
14.400	5.410160
14.410	5.410160
14.420	5.410160
14.430	5.410160
14.440	5.351560
14.450	5.292970
14.460	5.292970
14.470	5.292970
14.480	5.292970
14.490	5.292970
14.500	5.292970
14.510	5.273440
14.520	5.175780
14.530	5.078120
14.540	5.058590
14.550	5.058590
14.560	5.058590
14.570	5.058590
14.580	5.058590
14.590	5.058590
14.600	5.058590
14.610	5.058590
14.620	5.058590
14.630	5.058590
14.640	5.058590
14.650	5.058590
14.660	5.058590
14.670	5.058590
14.680	5.058590
14.690	5.058590
14.700	5.058590
14.710	5.058590
14.720	5.058590
14.730	5.058590
14.740	5.058590
14.750	5.058590
14.760	5.058590
14.770	5.058590
14.780	5.058590
14.790	5.058590
14.800	5.058590
14.810	5.058590
14.820	5.058590
14.830	5.058590
14.840	5.039060
14.850	5.039060
14.860	5.039060
14.870	5.039060
14.880	4.980470
14.890	4.863280
14.900	4.863280
14.910	4.863280
14.920	4.863280
14.930	4.863280
14.940	4.726560
14.950	4.628910
14.960	4.531250
14.970	4.472660
14.980	4.394530
14.990	4.355470
15.000	4.335940
15.010	4.335940
15.020	4.335940
15.030	4.335940
15.040	4.335940
15.050	4.335940
15.060	4.335940
15.070	4.335940
15.080	4.335940
15.090	4.335940
15.100	4.335940
15.110	4.335940
15.120	4.335940
15.130	4.335940
15.140	4.335940
15.150	4.335940
15.160	4.335940
15.170	4.335940
15.180	4.335940
15.190	4.335940
15.200	4.335940
15.210	4.335940
15.220	4.335940
15.230	4.335940
15.240	4.335940
15.250	4.335940
15.260	4.335940
15.270	4.335940
15.280	4.335940
15.290	4.335940
15.300	4.335940
15.310	4.335940
15.320	4.335940
15.330	4.335940
15.340	4.335940
15.350	4.335940
15.360	4.335940
15.370	4.335940
15.380	4.335940
15.390	4.335940
15.400	4.335940
15.410	4.335940
15.420	4.335940
15.430	4.335940
15.440	4.335940
15.450	4.335940
15.460	4.335940
15.470	4.335940
15.480	4.335940
15.490	4.335940
15.500	4.335940
15.510	4.335940
15.520	4.335940
15.530	4.335940
15.540	4.335940
15.550	4.335940
15.560	4.335940
15.570	4.335940
15.580	4.335940
15.590	4.335940
15.600	4.335940
15.610	4.335940
15.620	4.335940
15.630	4.335940
15.640	4.335940
15.650	4.335940
15.660	4.335940
15.670	4.335940
15.680	4.335940
15.690	4.335940
15.700	4.335940
15.710	4.335940
15.720	4.335940
15.730	4.335940
15.740	4.335940
15.750	4.335940
15.760	4.335940
15.770	4.335940
15.780	4.335940
15.790	4.335940
15.800	4.335940
15.810	4.335940
15.820	4.335940
15.830	4.296880
15.840	4.277340
15.850	4.277340
15.860	4.238280
15.870	4.199220
15.880	4.179690
15.890	4.003910
15.900	3.964840
15.910	3.867190
15.920	3.867190
15.930	3.867190
15.940	3.867190
15.950	3.867190
15.960	3.867190
15.970	3.867190
15.980	3.867190
15.990	3.867190
16.000	3.867190
16.010	3.867190
16.020	3.867190
16.030	3.867190
16.040	3.867190
16.050	3.867190
16.060	3.867190
16.070	3.867190
16.080	3.867190
16.090	3.867190
16.100	3.867190
16.110	3.906250
16.120	3.906250
16.130	3.925780
16.140	3.925780
16.150	3.925780
16.160	3.925780
16.170	3.925780
16.180	3.925780
16.190	3.925780
16.200	3.925780
16.210	3.925780
16.220	3.925780
16.230	3.925780
16.240	3.925780
16.250	3.925780
16.260	3.925780
16.270	3.925780
16.280	3.925780
16.290	3.925780
16.300	3.925780
16.310	3.925780
16.320	3.925780
16.330	3.925780
16.340	3.925780
16.350	3.925780
16.360	3.925780
16.370	3.925780
16.380	3.945310
16.390	3.984380
16.400	3.984380
16.410	4.062500
16.420	4.082030
16.430	4.082030
16.440	4.082030
16.450	4.082030
16.460	4.082030
16.470	4.082030
16.480	4.082030
16.490	4.082030
16.500	4.082030
16.510	4.082030
16.520	4.082030
16.530	4.082030
16.540	4.082030
16.550	4.082030
16.560	4.082030
16.570	4.082030
16.580	4.082030
16.590	4.082030
16.600	4.082030
16.610	4.082030
16.620	4.082030
16.630	4.082030
16.640	4.082030
16.650	4.082030
16.660	4.082030
16.670	4.082030
16.680	4.082030
16.690	4.082030
16.700	4.082030
16.710	4.082030
16.720	4.082030
16.730	4.082030
16.740	4.082030
16.750	4.082030
16.760	4.082030
16.770	4.082030
16.780	4.082030
16.790	4.082030
16.800	4.082030
16.810	4.062500
16.820	4.003910
16.830	4.003910
16.840	4.003910
16.850	4.003910
16.860	4.003910
16.870	4.003910
16.880	4.003910
16.890	4.003910
16.900	3.945310
16.910	3.867190
16.920	3.867190
16.930	3.867190
16.940	3.867190
16.950	3.867190
16.960	3.867190
16.970	3.867190
16.980	3.867190
16.990	3.867190
17.000	3.867190
17.010	3.867190
17.020	3.867190
17.030	3.867190
17.040	3.867190
17.050	3.867190
17.060	3.867190
17.070	3.867190
17.080	3.867190
17.090	3.867190
17.100	3.867190
17.110	3.867190
17.120	3.867190
17.130	3.867190
17.140	3.867190
17.150	3.867190
17.160	3.867190
17.170	3.867190
17.180	3.867190
17.190	3.867190
17.200	3.867190
17.210	3.867190
17.220	3.867190
17.230	3.867190
17.240	3.867190
17.250	3.867190
17.260	3.867190
17.270	3.867190
17.280	3.867190
17.290	3.867190
17.300	3.867190
17.310	3.867190
17.320	3.867190
17.330	3.867190
17.340	3.867190
17.350	3.867190
17.360	3.867190
17.370	3.867190
17.380	3.867190
17.390	3.867190
17.400	3.867190
17.410	3.867190
17.420	3.867190
17.430	3.867190
17.440	3.867190
17.450	3.867190
17.460	3.867190
17.470	3.867190
17.480	3.867190
17.490	3.867190
17.500	3.867190
17.510	3.867190
17.520	3.867190
17.530	3.867190
17.540	3.867190
17.550	3.867190
17.560	3.867190
17.570	3.867190
17.580	3.867190
17.590	3.750000
17.600	3.671880
17.610	3.613280
17.620	3.613280
17.630	3.535160
17.640	3.398440
17.650	3.320310
17.660	3.300780
17.670	3.300780
17.680	3.300780
17.690	3.300780
17.700	3.300780
17.710	3.300780
17.720	3.300780
17.730	3.300780
17.740	3.300780
17.750	3.300780
17.760	3.300780
17.770	3.300780
17.780	3.300780
17.790	3.300780
17.800	3.300780
17.810	3.300780
17.820	3.281250
17.830	3.222660
17.840	3.164060
17.850	3.164060
17.860	3.144530
17.870	3.027340
17.880	2.988280
17.890	2.968750
17.900	2.832030
17.910	2.832030
17.920	2.832030
17.930	2.812500
17.940	2.734380
17.950	2.734380
17.960	2.734380
17.970	2.734380
17.980	2.734380
17.990	2.734380
18.000	2.734380
18.010	2.734380
18.020	2.734380
18.030	2.734380
18.040	2.734380
18.050	2.734380
18.060	2.734380
18.070	2.734380
18.080	2.734380
18.090	2.714840
18.100	2.714840
18.110	2.656250
18.120	2.656250
18.130	2.656250
18.140	2.656250
18.150	2.656250
18.160	2.656250
18.170	2.656250
18.180	2.656250
18.190	2.656250
18.200	2.656250
18.210	2.656250
18.220	2.656250
18.230	2.656250
18.240	2.656250
18.250	2.656250
18.260	2.656250
18.270	2.714840
18.280	2.714840
18.290	2.714840
18.300	2.714840
18.310	2.832030
18.320	2.851560
18.330	2.851560
18.340	2.871090
18.350	2.871090
18.360	2.871090
18.370	2.871090
18.380	2.871090
18.390	2.871090
18.400	2.871090
18.410	2.871090
18.420	2.929690
18.430	2.988280
18.440	2.988280
18.450	3.007810
18.460	3.007810
18.470	3.125000
18.480	3.164060
18.490	3.261720
18.500	3.398440
18.510	3.574220
18.520	3.613280
18.530	3.613280
18.540	3.613280
18.550	3.613280
18.560	3.632810
18.570	3.750000
18.580	3.750000
18.590	3.750000
18.600	3.750000
18.610	3.750000
18.620	3.750000
18.630	3.750000
18.640	3.750000
18.650	3.750000
18.660	3.750000
18.670	3.750000
18.680	3.750000
18.690	3.750000
18.700	3.750000
18.710	3.730470
18.720	3.730470
18.730	3.730470
18.740	3.730470
18.750	3.730470
18.760	3.710940
18.770	3.574220
18.780	3.554690
18.790	3.476560
18.800	3.398440
18.810	3.261720
18.820	3.242190
18.830	3.242190
18.840	3.203120
18.850	3.046880
18.860	3.027340
18.870	2.949220
18.880	2.871090
18.890	2.871090
18.900	2.871090
18.910	2.871090
18.920	2.871090
18.930	2.871090
18.940	2.871090
18.950	2.871090
18.960	2.871090
18.970	2.871090
18.980	2.871090
18.990	2.871090
19.000	2.792970
19.010	2.695310
19.020	2.695310
19.030	2.695310
19.040	2.695310
19.050	2.695310
19.060	2.695310
19.070	2.695310
19.080	2.695310
19.090	2.695310
19.100	2.578120
19.110	2.578120
19.120	2.558590
19.130	2.558590
19.140	2.558590
19.150	2.558590
19.160	2.558590
19.170	2.558590
19.180	2.558590
19.190	2.558590
19.200	2.558590
19.210	2.558590
19.220	2.558590
19.230	2.558590
19.240	2.558590
19.250	2.558590
19.260	2.558590
19.270	2.558590
19.280	2.558590
19.290	2.558590
19.300	2.558590
19.310	2.558590
19.320	2.558590
19.330	2.558590
19.340	2.558590
19.350	2.558590
19.360	2.558590
19.370	2.558590
19.380	2.558590
19.390	2.558590
19.400	2.558590
19.410	2.558590
19.420	2.558590
19.430	2.558590
19.440	2.578120
19.450	2.636720
19.460	2.675780
19.470	2.812500
19.480	2.832030
19.490	2.832030
19.500	2.832030
19.510	2.832030
19.520	2.832030
19.530	2.832030
19.540	2.832030
19.550	2.832030
19.560	2.832030
19.570	2.832030
19.580	2.832030
19.590	2.832030
19.600	2.832030
19.610	2.832030
19.620	2.832030
19.630	2.832030
19.640	2.832030
19.650	2.832030
19.660	2.832030
19.670	2.832030
19.680	2.832030
19.690	2.832030
19.700	2.832030
19.710	2.832030
19.720	2.832030
19.730	2.832030
19.740	2.832030
19.750	2.832030
19.760	2.832030
19.770	2.832030
19.780	2.832030
19.790	2.832030
19.800	2.832030
19.810	2.832030
19.820	2.832030
19.830	2.832030
19.840	2.832030
19.850	2.832030
19.860	2.832030
19.870	2.832030
19.880	2.832030
19.890	2.832030
19.900	2.832030
19.910	2.832030
19.920	2.832030
19.930	2.812500
19.940	2.773440
19.950	2.714840
19.960	2.714840
19.970	2.685550
19.980	2.675780
19.990	2.675780
20.000	2.636720
20.010	2.607420
20.020	2.568360
20.030	2.568360
20.040	2.568360
20.050	2.568360
20.060	2.568360
20.070	2.568360
20.080	2.568360
20.090	2.568360
20.100	2.568360
20.110	2.568360
20.120	2.568360
20.130	2.568360
20.140	2.568360
20.150	2.568360
20.160	2.568360
20.170	2.568360
20.180	2.568360
20.190	2.568360
20.200	2.568360
20.210	2.568360
20.220	2.568360
20.230	2.568360
20.240	2.568360
20.250	2.568360
20.260	2.568360
20.270	2.568360
20.280	2.568360
20.290	2.568360
20.300	2.568360
20.310	2.568360
20.320	2.568360
20.330	2.568360
20.340	2.568360
20.350	2.568360
20.360	2.568360
20.370	2.568360
20.380	2.568360
20.390	2.568360
20.400	2.568360
20.410	2.568360
20.420	2.568360
20.430	2.568360
20.440	2.568360
20.450	2.568360
20.460	2.607420
20.470	2.607420
20.480	2.646480
20.490	2.666020
20.500	2.675780
20.510	2.675780
20.520	2.675780
20.530	2.675780
20.540	2.675780
20.550	2.675780
20.560	2.675780
20.570	2.675780
20.580	2.675780
20.590	2.675780
20.600	2.675780
20.610	2.675780
20.620	2.675780
20.630	2.675780
20.640	2.675780
20.650	2.675780
20.660	2.675780
20.670	2.675780
20.680	2.675780
20.690	2.675780
20.700	2.675780
20.710	2.675780
20.720	2.675780
20.730	2.675780
20.740	2.675780
20.750	2.675780
20.760	2.675780
20.770	2.675780
20.780	2.675780
20.790	2.685550
20.800	2.705080
20.810	2.705080
20.820	2.705080
20.830	2.705080
20.840	2.705080
20.850	2.705080
20.860	2.705080
20.870	2.705080
20.880	2.705080
20.890	2.705080
20.900	2.705080
20.910	2.705080
20.920	2.705080
20.930	2.705080
20.940	2.705080
20.950	2.705080
20.960	2.705080
20.970	2.705080
20.980	2.705080
20.990	2.705080
21.000	2.705080
21.010	2.705080
21.020	2.705080
21.030	2.705080
21.040	2.705080
21.050	2.705080
21.060	2.705080
21.070	2.705080
21.080	2.705080
21.090	2.656250
21.100	2.587890
21.110	2.587890
21.120	2.587890
21.130	2.587890
21.140	2.587890
21.150	2.587890
21.160	2.587890
21.170	2.587890
21.180	2.558590
21.190	2.529300
21.200	2.480470
21.210	2.480470
21.220	2.480470
21.230	2.480470
21.240	2.470700
21.250	2.412110
21.260	2.353520
21.270	2.333980
21.280	2.333980
21.290	2.333980
21.300	2.333980
21.310	2.333980
21.320	2.333980
21.330	2.333980
21.340	2.333980
21.350	2.333980
21.360	2.333980
21.370	2.333980
21.380	2.333980
21.390	2.333980
21.400	2.333980
21.410	2.333980
21.420	2.333980
21.430	2.324220
21.440	2.304690
21.450	2.275390
21.460	2.236330
21.470	2.226560
21.480	2.226560
21.490	2.226560
21.500	2.226560
21.510	2.226560
21.520	2.226560
21.530	2.197270
21.540	2.177730
21.550	2.119140
21.560	2.119140
21.570	2.119140
21.580	2.119140
21.590	2.119140
21.600	2.119140
21.610	2.119140
21.620	2.119140
21.630	2.119140
21.640	2.119140
21.650	2.119140
21.660	2.119140
21.670	2.119140
21.680	2.119140
21.690	2.119140
21.700	2.119140
21.710	2.119140
21.720	2.119140
21.730	2.119140
21.740	2.119140
21.750	2.119140
21.760	2.119140
21.770	2.119140
21.780	2.119140
21.790	2.119140
21.800	2.119140
21.810	2.119140
21.820	2.119140
21.830	2.119140
21.840	2.119140
21.850	2.119140
21.860	2.119140
21.870	2.119140
21.880	2.119140
21.890	2.119140
21.900	2.119140
21.910	2.119140
21.920	2.119140
21.930	2.119140
21.940	2.119140
21.950	2.119140
21.960	2.119140
21.970	2.119140
21.980	2.119140
21.990	2.119140
22.000	2.119140
22.010	2.099610
22.020	2.011720
22.030	1.933590
22.040	1.875000
22.050	1.865230
22.060	1.865230
22.070	1.865230
22.080	1.855470
22.090	1.845700
22.100	1.845700
22.110	1.845700
22.120	1.845700
22.130	1.845700
22.140	1.845700
22.150	1.845700
22.160	1.845700
22.170	1.787110
22.180	1.777340
22.190	1.777340
22.200	1.777340
22.210	1.777340
22.220	1.777340
22.230	1.777340
22.240	1.777340
22.250	1.777340
22.260	1.777340
22.270	1.767580
22.280	1.728520
22.290	1.640620
22.300	1.601560
22.310	1.552730
22.320	1.494140
22.330	1.445310
22.340	1.425780
22.350	1.425780
22.360	1.425780
22.370	1.357420
22.380	1.318360
22.390	1.289060
22.400	1.259770
22.410	1.250000
22.420	1.240230
22.430	1.240230
22.440	1.240230
22.450	1.240230
22.460	1.240230
22.470	1.240230
22.480	1.240230
22.490	1.240230
22.500	1.240230
22.510	1.240230
22.520	1.240230
22.530	1.240230
22.540	1.240230
22.550	1.240230
22.560	1.240230
22.570	1.269530
22.580	1.269530
22.590	1.308590
22.600	1.308590
22.610	1.308590
22.620	1.308590
22.630	1.308590
22.640	1.308590
22.650	1.308590
22.660	1.308590
22.670	1.308590
22.680	1.308590
22.690	1.308590
22.700	1.308590
22.710	1.328120
22.720	1.357420
22.730	1.357420
22.740	1.357420
22.750	1.357420
22.760	1.357420
22.770	1.357420
22.780	1.367190
22.790	1.416020
22.800	1.503910
22.810	1.572270
22.820	1.640620
22.830	1.728520
22.840	1.777340
22.850	1.806640
22.860	1.806640
22.870	1.816410
22.880	1.816410
22.890	1.816410
22.900	1.816410
22.910	1.894530
22.920	1.943360
22.930	1.953120
22.940	1.953120
22.950	1.953120
22.960	1.953120
22.970	1.953120
22.980	1.953120
22.990	1.953120
23.000	1.953120
23.010	1.953120
23.020	1.953120
23.030	1.953120
23.040	1.982420
23.050	1.982420
23.060	1.982420
23.070	1.982420
23.080	1.982420
23.090	1.982420
23.100	1.982420
23.110	1.982420
23.120	1.982420
23.130	1.982420
23.140	1.982420
23.150	1.982420
23.160	1.982420
23.170	1.982420
23.180	1.982420
23.190	1.982420
23.200	1.982420
23.210	1.982420
23.220	1.982420
23.230	1.982420
23.240	1.982420
23.250	1.982420
23.260	1.982420
23.270	1.982420
23.280	1.982420
23.290	1.982420
23.300	1.982420
23.310	1.982420
23.320	1.982420
23.330	2.011720
23.340	2.011720
23.350	2.041020
23.360	2.060550
23.370	2.060550
23.380	2.060550
23.390	2.060550
23.400	2.060550
23.410	2.060550
23.420	2.060550
23.430	2.060550
23.440	2.060550
23.450	2.060550
23.460	2.060550
23.470	2.060550
23.480	2.060550
23.490	2.060550
23.500	2.060550
23.510	2.060550
23.520	2.060550
23.530	2.060550
23.540	2.060550
23.550	2.060550
23.560	2.060550
23.570	2.060550
23.580	2.060550
23.590	2.060550
23.600	2.060550
23.610	2.060550
23.620	2.060550
23.630	2.060550
23.640	2.060550
23.650	2.060550
23.660	2.060550
23.670	2.060550
23.680	2.060550
23.690	2.060550
23.700	2.060550
23.710	2.060550
23.720	2.060550
23.730	2.060550
23.740	2.060550
23.750	2.060550
23.760	2.060550
23.770	2.050780
23.780	1.982420
23.790	1.933590
23.800	1.933590
23.810	1.923830
23.820	1.904300
23.830	1.904300
23.840	1.904300
23.850	1.904300
23.860	1.904300
23.870	1.904300
23.880	1.904300
23.890	1.904300
23.900	1.904300
23.910	1.904300
23.920	1.904300
23.930	1.904300
23.940	1.904300
23.950	1.904300
23.960	1.904300
23.970	1.904300
23.980	1.904300
23.990	1.914060
24.000	1.914060
24.010	1.923830
24.020	1.923830
24.030	1.923830
24.040	1.953120
24.050	1.982420
24.060	2.031250
24.070	2.070310
24.080	2.070310
24.090	2.070310
24.100	2.070310
24.110	2.070310
24.120	2.070310
24.130	2.070310
24.140	2.070310
24.150	2.070310
24.160	2.070310
24.170	2.070310
24.180	2.070310
24.190	2.070310
24.200	2.070310
24.210	2.070310
24.220	2.070310
24.230	2.070310
24.240	2.070310
24.250	2.070310
24.260	2.070310
24.270	2.070310
24.280	2.070310
24.290	2.070310
24.300	2.070310
24.310	2.070310
24.320	2.070310
24.330	2.070310
24.340	2.070310
24.350	2.070310
24.360	2.070310
24.370	2.070310
24.380	2.070310
24.390	2.070310
24.400	2.041020
24.410	1.982420
24.420	1.962890
24.430	1.962890
24.440	1.962890
24.450	1.943360
24.460	1.933590
24.470	1.933590
24.480	1.914060
24.490	1.855470
24.500	1.796880
24.510	1.796880
24.520	1.796880
24.530	1.796880
24.540	1.796880
24.550	1.796880
24.560	1.796880
24.570	1.796880
24.580	1.796880
24.590	1.796880
24.600	1.796880
24.610	1.796880
24.620	1.796880
24.630	1.796880
24.640	1.796880
24.650	1.816410
24.660	1.855470
24.670	1.884770
24.680	1.884770
24.690	1.904300
24.700	1.904300
24.710	1.904300
24.720	1.904300
24.730	1.904300
24.740	1.904300
24.750	1.904300
24.760	1.904300
24.770	1.904300
24.780	1.904300
24.790	1.904300
24.800	1.904300
24.810	1.904300
24.820	1.904300
24.830	1.904300
24.840	1.904300
24.850	1.904300
24.860	1.904300
24.870	1.904300
24.880	1.904300
24.890	1.904300
24.900	1.904300
24.910	1.904300
24.920	1.904300
24.930	1.904300
24.940	1.904300
24.950	1.904300
24.960	1.904300
24.970	1.904300
24.980	1.904300
24.990	1.904300
25.000	1.904300
25.010	1.904300
25.020	1.904300
25.030	1.904300
25.040	1.904300
25.050	1.904300
25.060	1.904300
25.070	1.904300
25.080	1.904300
25.090	1.904300
25.100	1.904300
25.110	1.904300
25.120	1.904300
25.130	1.904300
25.140	1.904300
25.150	1.904300
25.160	1.904300
25.170	1.904300
25.180	1.904300
25.190	1.904300
25.200	1.904300
25.210	1.904300
25.220	1.904300
25.230	1.904300
25.240	1.904300
25.250	1.904300
25.260	1.904300
25.270	1.904300
25.280	1.904300
25.290	1.904300
25.300	1.904300
25.310	1.904300
25.320	1.904300
25.330	1.904300
25.340	1.904300
25.350	1.904300
25.360	1.904300
25.370	1.904300
25.380	1.904300
25.390	1.904300
25.400	1.904300
25.410	1.904300
25.420	1.904300
25.430	1.904300
25.440	1.904300
25.450	1.904300
25.460	1.904300
25.470	1.904300
25.480	1.904300
25.490	1.904300
25.500	1.904300
25.510	1.904300
25.520	1.904300
25.530	1.904300
25.540	1.904300
25.550	1.904300
25.560	1.904300
25.570	1.904300
25.580	1.933590
25.590	1.972660
25.600	2.001950
25.610	2.001950
25.620	2.021480
25.630	2.021480
25.640	2.021480
25.650	2.021480
25.660	2.021480
25.670	2.021480
25.680	2.021480
25.690	2.031250
25.700	2.099610
25.710	2.128910
25.720	2.138670
25.730	2.177730
25.740	2.177730
25.750	2.177730
25.760	2.177730
25.770	2.177730
25.780	2.187500
25.790	2.246090
25.800	2.246090
25.810	2.246090
25.820	2.246090
25.830	2.246090
25.840	2.246090
25.850	2.246090
25.860	2.265620
25.870	2.304690
25.880	2.304690
25.890	2.304690
25.900	2.304690
25.910	2.304690
25.920	2.304690
25.930	2.304690
25.940	2.304690
