# time_in_ns	dG_in_kT
0.000	0.000000
0.010	10.000000
0.020	10.000000
0.030	10.000000
0.040	10.000000
0.050	10.000000
0.060	10.000000
0.070	10.000000
0.080	10.000000
0.090	10.000000
0.100	20.000000
0.110	60.000000
0.120	100.000000
0.130	100.000000
0.140	170.000000
0.150	170.000000
0.160	170.000000
0.170	170.000000
0.180	170.000000
0.190	170.000000
0.200	170.000000
0.210	170.000000
0.220	170.000000
0.230	170.000000
0.240	170.000000
0.250	170.000000
0.260	170.000000
0.270	170.000000
0.280	170.000000
0.290	210.000000
0.300	210.000000
0.310	250.000000
0.320	280.000000
0.330	280.000000
0.340	280.000000
0.350	280.000000
0.360	280.000000
0.370	280.000000
0.380	250.000000
0.390	250.000000
0.400	210.000000
0.410	210.000000
0.420	210.000000
0.430	210.000000
0.440	210.000000
0.450	210.000000
0.460	210.000000
0.470	210.000000
0.480	210.000000
0.490	210.000000
0.500	210.000000
0.510	150.000000
0.520	150.000000
0.530	140.000000
0.540	115.000000
0.550	90.000000
0.560	90.000000
0.570	90.000000
0.580	90.000000
0.590	90.000000
0.600	90.000000
0.610	90.000000
0.620	90.000000
0.630	90.000000
0.640	70.000000
0.650	70.000000
0.660	70.000000
0.670	70.000000
0.680	70.000000
0.690	70.000000
0.700	70.000000
0.710	70.000000
0.720	70.000000
0.730	70.000000
0.740	70.000000
0.750	70.000000
0.760	70.000000
0.770	70.000000
0.780	70.000000
0.790	70.000000
0.800	70.000000
0.810	70.000000
0.820	70.000000
0.830	70.000000
0.840	70.000000
0.850	70.000000
0.860	60.000000
0.870	25.000000
0.880	20.000000
0.890	20.000000
0.900	20.000000
0.910	0.000000
0.920	0.000000
0.930	0.000000
0.940	0.000000
0.950	0.000000
0.960	0.000000
0.970	0.000000
0.980	0.000000
0.990	0.000000
1.000	0.000000
1.010	0.000000
1.020	0.000000
1.030	0.000000
1.040	0.000000
1.050	0.000000
1.060	0.000000
1.070	0.000000
1.080	0.000000
1.090	20.000000
1.100	30.000000
1.110	30.000000
1.120	30.000000
1.130	30.000000
1.140	30.000000
1.150	45.000000
1.160	60.000000
1.170	60.000000
1.180	65.000000
1.190	85.000000
1.200	110.000000
1.210	110.000000
1.220	110.000000
1.230	110.000000
1.240	110.000000
1.250	110.000000
1.260	110.000000
1.270	110.000000
1.280	90.000000
1.290	65.000000
1.300	50.000000
1.310	25.000000
1.320	25.000000
1.330	25.000000
1.340	25.000000
1.350	25.000000
1.360	25.000000
1.370	25.000000
1.380	25.000000
1.390	25.000000
1.400	25.000000
1.410	25.000000
1.420	5.000000
1.430	5.000000
1.440	-5.000000
1.450	-30.000000
1.460	-30.000000
1.470	-30.000000
1.480	-30.000000
1.490	-30.000000
1.500	-30.000000
1.510	-30.000000
1.520	-30.000000
1.530	-30.000000
1.540	-30.000000
1.550	-30.000000
1.560	-30.000000
1.570	-30.000000
1.580	-30.000000
1.590	-30.000000
1.600	-30.000000
1.610	-30.000000
1.620	-30.000000
1.630	-30.000000
1.640	-30.000000
1.650	-30.000000
1.660	-30.000000
1.670	-30.000000
1.680	-30.000000
1.690	-20.000000
1.700	-10.000000
1.710	-10.000000
1.720	-10.000000
1.730	-10.000000
1.740	-10.000000
1.750	-10.000000
1.760	-10.000000
1.770	-10.000000
1.780	-10.000000
1.790	-10.000000
1.800	-35.000000
1.810	-40.000000
1.820	-75.000000
1.830	-75.000000
1.840	-90.000000
1.850	-105.000000
1.860	-105.000000
1.870	-105.000000
1.880	-105.000000
1.890	-105.000000
1.900	-105.000000
1.910	-105.000000
1.920	-105.000000
1.930	-105.000000
1.940	-105.000000
1.950	-80.000000
1.960	-70.000000
1.970	-65.000000
1.980	-55.000000
1.990	-25.000000
2.000	-15.000000
2.010	-15.000000
2.020	-15.000000
2.030	-15.000000
2.040	-15.000000
2.050	-15.000000
2.060	-15.000000
2.070	-15.000000
2.080	-15.000000
2.090	-15.000000
2.100	-15.000000
2.110	-15.000000
2.120	-15.000000
2.130	-15.000000
2.140	-15.000000
2.150	-15.000000
2.160	-15.000000
2.170	-2.500000
2.180	-2.500000
2.190	-2.500000
2.200	-2.500000
2.210	-2.500000
2.220	-2.500000
2.230	-2.500000
2.240	-2.500000
2.250	-2.500000
2.260	-2.500000
2.270	-2.500000
2.280	-2.500000
2.290	-2.500000
2.300	-2.500000
2.310	-2.500000
2.320	-2.500000
2.330	-2.500000
2.340	-2.500000
2.350	-2.500000
2.360	7.500000
2.370	15.000000
2.380	15.000000
2.390	15.000000
2.400	15.000000
2.410	15.000000
2.420	15.000000
2.430	15.000000
2.440	15.000000
2.450	15.000000
2.460	15.000000
2.470	15.000000
2.480	15.000000
2.490	15.000000
2.500	15.000000
2.510	15.000000
2.520	15.000000
2.530	15.000000
2.540	15.000000
2.550	15.000000
2.560	15.000000
2.570	15.000000
2.580	15.000000
2.590	15.000000
2.600	15.000000
2.610	25.000000
2.620	27.500000
2.630	35.000000
2.640	35.000000
2.650	42.500000
2.660	50.000000
2.670	62.500000
2.680	62.500000
2.690	62.500000
2.700	62.500000
2.710	62.500000
2.720	62.500000
2.730	60.000000
2.740	50.000000
2.750	42.500000
2.760	42.500000
2.770	42.500000
2.780	42.500000
2.790	42.500000
2.800	27.500000
2.810	22.500000
2.820	22.500000
2.830	22.500000
2.840	22.500000
2.850	22.500000
2.860	22.500000
2.870	22.500000
2.880	22.500000
2.890	22.500000
2.900	22.500000
2.910	22.500000
2.920	22.500000
2.930	15.000000
2.940	2.500000
2.950	2.500000
2.960	2.500000
2.970	2.500000
2.980	-5.000000
2.990	-5.000000
3.000	-5.000000
3.010	-5.000000
3.020	-11.250000
3.030	-13.750000
3.040	-17.500000
3.050	-17.500000
3.060	-17.500000
3.070	-17.500000
3.080	-17.500000
3.090	-17.500000
3.100	-17.500000
3.110	-17.500000
3.120	-17.500000
3.130	-17.500000
3.140	-17.500000
3.150	-17.500000
3.160	-17.500000
3.170	-17.500000
3.180	-17.500000
3.190	-16.250000
3.200	-10.000000
3.210	-7.500000
3.220	-7.500000
3.230	-7.500000
3.240	-7.500000
3.250	-7.500000
3.260	-7.500000
3.270	-7.500000
3.280	-3.750000
3.290	1.250000
3.300	1.250000
3.310	1.250000
3.320	1.250000
3.330	1.250000
3.340	1.250000
3.350	1.250000
3.360	1.250000
3.370	1.250000
3.380	1.250000
3.390	1.250000
3.400	1.250000
3.410	1.250000
3.420	1.250000
3.430	1.250000
3.440	1.250000
3.450	1.250000
3.460	1.250000
3.470	1.250000
3.480	1.250000
3.490	1.250000
3.500	1.250000
3.510	1.250000
3.520	1.250000
3.530	1.250000
3.540	1.250000
3.550	1.250000
3.560	1.250000
3.570	1.250000
3.580	1.250000
3.590	11.250000
3.600	16.250000
3.610	23.750000
3.620	23.750000
3.630	23.750000
3.640	23.750000
3.650	23.750000
3.660	23.750000
3.670	23.750000
3.680	23.750000
3.690	23.750000
3.700	23.750000
3.710	23.750000
3.720	23.750000
3.730	23.750000
3.740	23.750000
3.750	21.250000
3.760	13.750000
3.770	11.250000
3.780	7.500000
3.790	5.000000
3.800	5.000000
3.810	-1.250000
3.820	-11.250000
3.830	-11.250000
3.840	-11.250000
3.850	-11.250000
3.860	-11.250000
3.870	-11.250000
3.880	-11.250000
3.890	-11.250000
3.900	-11.250000
3.910	-11.250000
3.920	-11.250000
3.930	-11.250000
3.940	-11.250000
3.950	-11.250000
3.960	-11.250000
3.970	-11.250000
3.980	-11.250000
3.990	-11.250000
4.000	-11.250000
4.010	-11.250000
4.020	-11.250000
4.030	-11.250000
4.040	-11.250000
4.050	-11.250000
4.060	-11.250000
4.070	-11.250000
4.080	-11.250000
4.090	-11.250000
4.100	-11.250000
4.110	-11.250000
4.120	-11.250000
4.130	-11.250000
4.140	-11.250000
4.150	-11.250000
4.160	-9.375000
4.170	-5.625000
4.180	-5.625000
4.190	-5.625000
4.200	-5.625000
4.210	-5.625000
4.220	-5.625000
4.230	-5.625000
4.240	-5.625000
4.250	-5.625000
4.260	-5.625000
4.270	-5.625000
4.280	-5.625000
4.290	-5.625000
4.300	-5.625000
4.310	-5.625000
4.320	-5.625000
4.330	-3.125000
4.340	-0.625000
4.350	0.625000
4.360	0.625000
4.370	0.625000
4.380	5.000000
4.390	5.000000
4.400	5.000000
4.410	5.000000
4.420	5.000000
4.430	5.000000
4.440	5.000000
4.450	5.000000
4.460	5.000000
4.470	3.125000
4.480	3.125000
4.490	3.125000
4.500	0.625000
4.510	-3.750000
4.520	-3.750000
4.530	-3.750000
4.540	-3.750000
4.550	-3.750000
4.560	-3.750000
4.570	-3.750000
4.580	-3.750000
4.590	-3.750000
4.600	-3.750000
4.610	-3.750000
4.620	-4.375000
4.630	-6.875000
4.640	-10.000000
4.650	-10.000000
4.660	-10.625000
4.670	-10.625000
4.680	-10.625000
4.690	-10.625000
4.700	-10.625000
4.710	-10.625000
4.720	-10.625000
4.730	-10.625000
4.740	-10.625000
4.750	-10.625000
4.760	-10.625000
4.770	-10.625000
4.780	-10.625000
4.790	-10.625000
4.800	-10.625000
4.810	-10.625000
4.820	-10.625000
4.830	-10.625000
4.840	-10.625000
4.850	-10.625000
4.860	-10.625000
4.870	-10.625000
4.880	-10.625000
4.890	-10.625000
4.900	-10.625000
4.910	-10.625000
4.920	-10.625000
4.930	-10.625000
4.940	-10.625000
4.950	-10.625000
4.960	-10.625000
4.970	-10.625000
4.980	-10.625000
4.990	-10.625000
5.000	-10.625000
5.010	-10.625000
5.020	-10.312500
5.030	-10.000000
5.040	-10.000000
5.050	-8.750000
5.060	-8.750000
5.070	-8.750000
5.080	-6.875000
5.090	-5.937500
5.100	-5.937500
5.110	-5.000000
5.120	-4.687500
5.130	-4.687500
5.140	-4.687500
5.150	-4.687500
5.160	-3.437500
5.170	-3.437500
5.180	-3.437500
5.190	-3.437500
5.200	-3.437500
5.210	-3.437500
5.220	-3.437500
5.230	-3.437500
5.240	-3.437500
5.250	-3.437500
5.260	-3.437500
5.270	-3.437500
5.280	-3.437500
5.290	-3.437500
5.300	-3.437500
5.310	-3.437500
5.320	-3.437500
5.330	-3.437500
5.340	-2.500000
5.350	0.000000
5.360	0.937500
5.370	0.937500
5.380	0.937500
5.390	0.937500
5.400	0.937500
5.410	0.937500
5.420	2.187500
5.430	3.125000
5.440	5.312500
5.450	5.312500
5.460	5.625000
5.470	6.250000
5.480	6.250000
5.490	6.250000
5.500	6.250000
5.510	6.250000
5.520	6.250000
5.530	6.250000
5.540	6.250000
5.550	6.250000
5.560	6.250000
5.570	6.250000
5.580	6.250000
5.590	6.250000
5.600	6.250000
5.610	6.250000
5.620	6.250000
5.630	6.250000
5.640	6.250000
5.650	6.250000
5.660	6.250000
5.670	6.250000
5.680	6.250000
5.690	6.250000
5.700	5.937500
5.710	3.125000
5.720	1.875000
5.730	1.875000
5.740	1.875000
5.750	0.937500
5.760	0.937500
5.770	0.937500
5.780	0.937500
5.790	0.937500
5.800	0.937500
5.810	0.937500
5.820	0.937500
5.830	0.937500
5.840	0.937500
5.850	0.937500
5.860	0.937500
5.870	0.937500
5.880	0.937500
5.890	0.937500
5.900	0.937500
5.910	0.937500
5.920	0.937500
5.930	0.937500
5.940	0.937500
5.950	0.937500
5.960	2.812500
5.970	3.125000
5.980	4.687500
5.990	5.312500
6.000	5.312500
6.010	5.312500
6.020	5.312500
6.030	5.312500
6.040	5.312500
6.050	5.312500
6.060	5.312500
6.070	5.312500
6.080	5.312500
6.090	5.312500
6.100	5.312500
6.110	5.312500
6.120	5.312500
6.130	5.312500
6.140	5.312500
6.150	3.125000
6.160	2.500000
6.170	2.500000
6.180	2.500000
6.190	2.187500
6.200	1.250000
6.210	-1.562500
6.220	-3.125000
6.230	-3.125000
6.240	-3.125000
6.250	-3.125000
6.260	-3.125000
6.270	-3.125000
6.280	-3.125000
6.290	-3.750000
6.300	-5.312500
6.310	-5.937500
6.320	-5.937500
6.330	-5.937500
6.340	-5.937500
6.350	-5.937500
6.360	-5.937500
6.370	-5.937500
6.380	-5.937500
6.390	-5.937500
6.400	-5.937500
6.410	-5.937500
6.420	-5.937500
6.430	-5.937500
6.440	-5.937500
6.450	-5.937500
6.460	-5.937500
6.470	-5.937500
6.480	-5.937500
6.490	-5.937500
6.500	-5.937500
6.510	-5.937500
6.520	-5.625000
6.530	-4.375000
6.540	-3.281250
6.550	-2.812500
6.560	-2.812500
6.570	-2.812500
6.580	-2.812500
6.590	-2.812500
6.600	-2.812500
6.610	-2.812500
6.620	-2.812500
6.630	-2.812500
6.640	-2.812500
6.650	-2.812500
6.660	-2.812500
6.670	-2.812500
6.680	-2.812500
6.690	-2.812500
6.700	-2.812500
6.710	-2.812500
6.720	-2.812500
6.730	-2.812500
6.740	-2.812500
6.750	-2.812500
6.760	-2.812500
6.770	-2.812500
6.780	-2.812500
6.790	-2.812500
6.800	-2.812500
6.810	-2.812500
6.820	-2.812500
6.830	-2.187500
6.840	-1.718750
6.850	-1.718750
6.860	-1.718750
6.870	-1.250000
6.880	-1.250000
6.890	-1.250000
6.900	-1.250000
6.910	-1.250000
6.920	-1.093750
6.930	-1.093750
6.940	-1.093750
6.950	-1.093750
6.960	-1.093750
6.970	-1.093750
6.980	-1.093750
6.990	-1.093750
7.000	-1.093750
7.010	-1.093750
7.020	-1.093750
7.030	-1.093750
7.040	-1.093750
7.050	-1.093750
7.060	-1.093750
7.070	-1.093750
7.080	-1.093750
7.090	-1.093750
7.100	-1.093750
7.110	-1.093750
7.120	-1.093750
7.130	-1.093750
7.140	-2.187500
7.150	-2.656250
7.160	-3.437500
7.170	-3.906250
7.180	-4.375000
7.190	-4.375000
7.200	-4.375000
7.210	-4.375000
7.220	-4.375000
7.230	-5.000000
7.240	-5.937500
7.250	-5.937500
7.260	-5.937500
7.270	-5.937500
7.280	-5.937500
7.290	-5.937500
7.300	-5.937500
7.310	-5.937500
7.320	-5.937500
7.330	-5.937500
7.340	-5.937500
7.350	-5.937500
7.360	-5.937500
7.370	-5.937500
7.380	-5.937500
7.390	-5.937500
7.400	-5.937500
7.410	-5.937500
7.420	-6.406250
7.430	-6.406250
7.440	-6.406250
7.450	-6.406250
7.460	-6.406250
7.470	-6.406250
7.480	-6.406250
7.490	-7.031250
7.500	-7.421880
7.510	-7.656250
7.520	-8.046880
7.530	-8.125000
7.540	-8.125000
7.550	-8.203120
7.560	-8.203120
7.570	-8.203120
7.580	-8.203120
7.590	-8.203120
7.600	-8.515620
7.610	-8.671880
7.620	-8.906250
7.630	-8.906250
7.640	-8.984380
7.650	-8.984380
7.660	-8.984380
7.670	-8.984380
7.680	-8.984380
7.690	-8.984380
7.700	-8.984380
7.710	-8.984380
7.720	-8.984380
7.730	-8.984380
7.740	-8.984380
7.750	-8.984380
7.760	-8.984380
7.770	-8.984380
7.780	-8.984380
7.790	-8.984380
7.800	-8.984380
7.810	-8.984380
7.820	-8.984380
7.830	-8.984380
7.840	-8.984380
7.850	-8.984380
7.860	-8.984380
7.870	-8.984380
7.880	-8.984380
7.890	-8.984380
7.900	-8.984380
7.910	-8.984380
7.920	-8.984380
7.930	-8.984380
7.940	-8.906250
7.950	-8.359380
7.960	-8.359380
7.970	-8.359380
7.980	-8.359380
7.990	-8.359380
8.000	-8.359380
8.010	-8.359380
8.020	-7.890620
8.030	-7.812500
8.040	-7.812500
8.050	-7.812500
8.060	-7.734380
8.070	-7.343750
8.080	-6.953120
8.090	-6.562500
8.100	-6.093750
8.110	-6.093750
8.120	-6.093750
8.130	-6.093750
8.140	-6.093750
8.150	-6.093750
8.160	-6.093750
8.170	-6.093750
8.180	-6.093750
8.190	-6.093750
8.200	-5.703120
8.210	-5.390620
8.220	-5.390620
8.230	-5.156250
8.240	-4.921880
8.250	-4.921880
8.260	-4.921880
8.270	-4.921880
8.280	-4.921880
8.290	-4.687500
8.300	-4.609380
8.310	-4.375000
8.320	-4.062500
8.330	-3.984380
8.340	-3.906250
8.350	-3.906250
8.360	-3.906250
8.370	-3.906250
8.380	-3.906250
8.390	-3.906250
8.400	-3.906250
8.410	-3.906250
8.420	-3.906250
8.430	-3.906250
8.440	-3.593750
8.450	-3.437500
8.460	-3.437500
8.470	-3.437500
8.480	-3.437500
8.490	-3.437500
8.500	-3.437500
8.510	-3.437500
8.520	-3.437500
8.530	-3.437500
8.540	-3.437500
8.550	-3.437500
8.560	-3.437500
8.570	-3.437500
8.580	-3.437500
8.590	-3.437500
8.600	-3.437500
8.610	-3.437500
8.620	-3.437500
8.630	-3.437500
8.640	-3.437500
8.650	-3.437500
8.660	-3.437500
8.670	-3.437500
8.680	-3.437500
8.690	-3.437500
8.700	-3.437500
8.710	-3.437500
8.720	-3.437500
8.730	-3.437500
8.740	-3.437500
8.750	-3.437500
8.760	-3.437500
8.770	-3.437500
8.780	-3.437500
8.790	-3.437500
8.800	-3.437500
8.810	-3.437500
8.820	-3.437500
8.830	-3.437500
8.840	-3.437500
8.850	-3.437500
8.860	-3.437500
8.870	-3.437500
8.880	-3.437500
8.890	-3.437500
8.900	-3.437500
8.910	-3.437500
8.920	-3.437500
8.930	-3.437500
8.940	-3.437500
8.950	-3.437500
8.960	-3.437500
8.970	-3.437500
8.980	-3.437500
8.990	-3.437500
9.000	-3.437500
9.010	-3.437500
9.020	-3.437500
9.030	-3.437500
9.040	-3.437500
9.050	-3.437500
9.060	-3.437500
9.070	-3.437500
9.080	-3.437500
9.090	-3.437500
9.100	-3.437500
9.110	-3.437500
9.120	-3.437500
9.130	-3.437500
9.140	-3.437500
9.150	-3.437500
9.160	-3.437500
9.170	-3.437500
9.180	-3.437500
9.190	-3.437500
9.200	-3.437500
9.210	-3.437500
9.220	-3.437500
9.230	-3.515620
9.240	-3.515620
9.250	-3.671880
9.260	-3.671880
9.270	-3.671880
9.280	-3.671880
9.290	-3.671880
9.300	-3.671880
9.310	-3.671880
9.320	-3.828120
9.330	-3.906250
9.340	-3.906250
9.350	-3.906250
9.360	-3.906250
9.370	-3.906250
9.380	-3.906250
9.390	-3.906250
9.400	-3.906250
9.410	-3.906250
9.420	-3.906250
9.430	-3.906250
9.440	-3.671880
9.450	-3.593750
9.460	-3.359380
9.470	-2.968750
9.480	-2.578120
9.490	-2.031250
9.500	-1.562500
9.510	-1.562500
9.520	-1.093750
9.530	-0.703120
9.540	-0.546880
9.550	-0.468750
9.560	-0.156250
9.570	-0.156250
9.580	-0.156250
9.590	-0.156250
9.600	-0.156250
9.610	-0.156250
9.620	-0.156250
9.630	-0.156250
9.640	-0.156250
9.650	-0.156250
9.660	-0.156250
9.670	-0.156250
9.680	-0.156250
9.690	0.234380
9.700	0.234380
9.710	0.234380
9.720	0.234380
9.730	0.234380
9.740	0.703120
9.750	1.250000
9.760	1.484380
9.770	1.875000
9.780	2.421880
9.790	2.500000
9.800	2.656250
9.810	2.656250
9.820	2.656250
9.830	2.968750
9.840	2.968750
9.850	2.968750
9.860	2.968750
9.870	3.046880
9.880	3.046880
9.890	3.046880
9.900	3.046880
9.910	3.046880
9.920	3.046880
9.930	3.046880
9.940	3.046880
9.950	3.046880
9.960	3.046880
9.970	3.046880
9.980	3.046880
9.990	3.046880
10.000	3.046880
10.010	3.046880
10.020	3.046880
10.030	3.046880
10.040	3.046880
10.050	3.046880
10.060	3.046880
10.070	3.046880
10.080	3.046880
10.090	3.046880
10.100	3.046880
10.110	3.046880
10.120	3.046880
10.130	3.046880
10.140	3.046880
10.150	3.046880
10.160	3.046880
10.170	3.046880
10.180	3.046880
10.190	3.046880
10.200	2.890620
10.210	2.500000
10.220	2.187500
10.230	1.875000
10.240	1.328120
10.250	1.093750
10.260	0.781250
10.270	0.781250
10.280	0.781250
10.290	0.781250
10.300	0.781250
10.310	0.781250
10.320	0.781250
10.330	0.781250
10.340	0.781250
10.350	0.781250
10.360	0.781250
10.370	0.781250
10.380	0.781250
10.390	0.781250
10.400	0.781250
10.410	0.781250
10.420	0.781250
10.430	0.781250
10.440	0.781250
10.450	0.781250
10.460	0.781250
10.470	0.703120
10.480	0.703120
10.490	0.390620
10.500	-0.078120
10.510	-0.156250
10.520	-0.234380
10.530	-0.234380
10.540	-0.234380
10.550	-0.234380
10.560	-0.234380
10.570	-0.273440
10.580	-0.273440
10.590	-0.273440
10.600	-0.273440
10.610	-0.273440
10.620	-0.273440
10.630	-0.273440
10.640	-0.273440
10.650	-0.273440
10.660	-0.273440
10.670	-0.273440
10.680	-0.273440
10.690	-0.273440
10.700	-0.273440
10.710	-0.273440
10.720	-0.273440
10.730	-0.273440
10.740	-0.273440
10.750	-0.273440
10.760	-0.273440
10.770	-0.273440
10.780	-0.273440
10.790	-0.273440
10.800	-0.273440
10.810	-0.273440
10.820	-0.273440
10.830	-0.273440
10.840	-0.273440
10.850	-0.273440
10.860	-0.273440
10.870	-0.273440
10.880	-0.273440
10.890	-0.273440
10.900	-0.273440
10.910	-0.273440
10.920	-0.273440
10.930	-0.273440
10.940	-0.273440
10.950	-0.273440
10.960	-0.273440
10.970	-0.273440
10.980	-0.273440
10.990	-0.273440
11.000	-0.273440
11.010	-0.273440
11.020	-0.273440
11.030	-0.273440
11.040	-0.273440
11.050	-0.273440
11.060	0.000000
11.070	0.390620
11.080	0.390620
11.090	0.468750
11.100	0.468750
11.110	0.468750
11.120	0.468750
11.130	0.468750
11.140	0.468750
11.150	0.468750
11.160	0.468750
11.170	0.468750
11.180	0.468750
11.190	0.468750
11.200	0.468750
11.210	0.468750
11.220	0.468750
11.230	0.468750
11.240	0.468750
11.250	0.468750
11.260	0.468750
11.270	0.468750
11.280	0.468750
11.290	0.468750
11.300	0.468750
11.310	0.468750
11.320	0.468750
11.330	0.468750
11.340	0.468750
11.350	0.468750
11.360	0.664060
11.370	0.703120
11.380	0.703120
11.390	0.703120
11.400	0.703120
11.410	0.703120
11.420	0.703120
11.430	0.703120
11.440	0.703120
11.450	0.703120
11.460	0.703120
11.470	0.703120
11.480	0.703120
11.490	0.703120
11.500	0.703120
11.510	0.703120
11.520	0.703120
11.530	0.625000
11.540	0.625000
11.550	0.625000
11.560	0.625000
11.570	0.625000
11.580	0.625000
11.590	0.625000
11.600	0.625000
11.610	0.625000
11.620	0.625000
11.630	0.625000
11.640	0.625000
11.650	0.625000
11.660	0.625000
11.670	0.625000
11.680	0.625000
11.690	0.429690
11.700	0.351560
11.710	0.351560
11.720	0.312500
11.730	0.312500
11.740	0.312500
11.750	0.312500
11.760	0.312500
11.770	0.156250
11.780	0.156250
11.790	0.156250
11.800	0.156250
11.810	0.156250
11.820	0.156250
11.830	0.156250
11.840	0.156250
11.850	0.156250
11.860	0.156250
11.870	0.156250
11.880	0.156250
11.890	0.039060
11.900	-0.156250
11.910	-0.273440
11.920	-0.468750
11.930	-0.742190
11.940	-0.820310
11.950	-0.820310
11.960	-0.937500
11.970	-1.093750
11.980	-1.210940
11.990	-1.289060
12.000	-1.328120
12.010	-1.640620
12.020	-1.914060
12.030	-2.070310
12.040	-2.187500
12.050	-2.187500
12.060	-2.187500
12.070	-2.187500
12.080	-2.187500
12.090	-2.187500
12.100	-2.187500
12.110	-2.187500
12.120	-2.187500
12.130	-2.187500
12.140	-2.187500
12.150	-2.187500
12.160	-2.187500
12.170	-2.187500
12.180	-2.187500
12.190	-2.187500
12.200	-2.187500
12.210	-2.187500
12.220	-2.187500
12.230	-2.187500
12.240	-2.187500
12.250	-2.187500
12.260	-2.187500
12.270	-2.187500
12.280	-2.187500
12.290	-2.148440
12.300	-2.031250
12.310	-1.835940
12.320	-1.796880
12.330	-1.796880
12.340	-1.796880
12.350	-1.796880
12.360	-1.796880
12.370	-1.796880
12.380	-1.796880
12.390	-1.796880
12.400	-1.796880
12.410	-1.796880
12.420	-1.640620
12.430	-1.484380
12.440	-1.367190
12.450	-1.367190
12.460	-1.367190
12.470	-1.367190
12.480	-1.367190
12.490	-1.367190
12.500	-1.367190
12.510	-1.367190
12.520	-1.367190
12.530	-1.367190
12.540	-1.367190
12.550	-1.367190
12.560	-1.367190
12.570	-1.367190
12.580	-1.367190
12.590	-1.367190
12.600	-1.250000
12.610	-1.054690
12.620	-0.937500
12.630	-0.625000
12.640	-0.507810
12.650	-0.195310
12.660	0.000000
12.670	0.351560
12.680	0.390620
12.690	0.410160
12.700	0.468750
12.710	0.585940
12.720	0.703120
12.730	0.859380
12.740	0.976560
12.750	1.015620
12.760	1.093750
12.770	1.093750
12.780	1.250000
12.790	1.367190
12.800	1.464840
12.810	1.503910
12.820	1.640620
12.830	1.738280
12.840	1.777340
12.850	1.894530
12.860	1.894530
12.870	1.992190
12.880	2.089840
12.890	2.187500
12.900	2.246090
12.910	2.382810
12.920	2.519530
12.930	2.558590
12.940	2.558590
12.950	2.558590
12.960	2.558590
12.970	2.558590
12.980	2.558590
12.990	2.558590
13.000	2.558590
13.010	2.558590
13.020	2.558590
13.030	2.558590
13.040	2.636720
13.050	2.675780
13.060	2.675780
13.070	2.695310
13.080	2.695310
13.090	2.695310
13.100	2.695310
13.110	2.695310
13.120	2.695310
13.130	2.695310
13.140	2.695310
13.150	2.695310
13.160	2.695310
13.170	2.695310
13.180	2.695310
13.190	2.695310
13.200	2.695310
13.210	2.695310
13.220	2.695310
13.230	2.695310
13.240	2.695310
13.250	2.695310
13.260	2.695310
13.270	2.695310
13.280	2.695310
13.290	2.695310
13.300	2.695310
13.310	2.695310
13.320	2.695310
13.330	2.695310
13.340	2.695310
13.350	2.695310
13.360	2.695310
13.370	2.695310
13.380	2.695310
13.390	2.695310
13.400	2.695310
13.410	2.695310
13.420	2.695310
13.430	2.695310
13.440	2.695310
13.450	2.695310
13.460	2.695310
13.470	2.695310
13.480	2.695310
13.490	2.734380
13.500	2.812500
13.510	2.812500
13.520	2.812500
13.530	2.812500
13.540	2.812500
13.550	2.812500
13.560	2.812500
13.570	2.812500
13.580	2.812500
13.590	2.812500
13.600	2.832030
13.610	2.832030
13.620	2.832030
13.630	2.832030
13.640	2.832030
13.650	2.832030
13.660	2.832030
13.670	2.832030
13.680	2.832030
13.690	2.832030
13.700	2.832030
13.710	2.832030
13.720	2.851560
13.730	2.851560
13.740	2.910160
13.750	3.007810
13.760	3.007810
13.770	3.007810
13.780	3.007810
13.790	3.007810
13.800	3.007810
13.810	3.007810
13.820	3.007810
13.830	3.007810
13.840	3.007810
13.850	3.007810
13.860	3.007810
13.870	3.007810
13.880	3.007810
13.890	3.007810
13.900	3.007810
13.910	3.007810
13.920	3.007810
13.930	3.007810
13.940	3.007810
13.950	3.007810
13.960	3.007810
13.970	3.007810
13.980	3.007810
13.990	3.007810
14.000	3.007810
14.010	3.007810
14.020	3.007810
14.030	3.007810
14.040	3.007810
14.050	3.007810
14.060	3.007810
14.070	3.085940
14.080	3.203120
14.090	3.203120
14.100	3.222660
14.110	3.222660
14.120	3.222660
14.130	3.222660
14.140	3.281250
14.150	3.281250
14.160	3.359380
14.170	3.476560
14.180	3.574220
14.190	3.730470
14.200	3.886720
14.210	3.984380
14.220	4.082030
14.230	4.101560
14.240	4.101560
14.250	4.101560
14.260	4.101560
14.270	4.101560
14.280	4.101560
14.290	4.101560
14.300	4.101560
14.310	4.101560
14.320	4.101560
14.330	4.101560
14.340	4.101560
14.350	4.101560
14.360	4.101560
14.370	4.101560
14.380	4.101560
14.390	4.101560
14.400	4.101560
14.410	4.101560
14.420	4.101560
14.430	4.101560
14.440	4.101560
14.450	4.101560
14.460	4.101560
14.470	4.101560
14.480	4.101560
14.490	4.101560
14.500	4.082030
14.510	4.023440
14.520	3.964840
14.530	3.945310
14.540	3.886720
14.550	3.828120
14.560	3.828120
14.570	3.828120
14.580	3.828120
14.590	3.828120
14.600	3.828120
14.610	3.828120
14.620	3.828120
14.630	3.789060
14.640	3.710940
14.650	3.710940
14.660	3.710940
14.670	3.710940
14.680	3.710940
14.690	3.613280
14.700	3.515620
14.710	3.496090
14.720	3.476560
14.730	3.378910
14.740	3.300780
14.750	3.300780
14.760	3.281250
14.770	3.281250
14.780	3.281250
14.790	3.281250
14.800	3.281250
14.810	3.281250
14.820	3.281250
14.830	3.281250
14.840	3.281250
14.850	3.281250
14.860	3.281250
14.870	3.281250
14.880	3.281250
14.890	3.281250
14.900	3.281250
14.910	3.281250
14.920	3.281250
14.930	3.281250
14.940	3.281250
14.950	3.281250
14.960	3.281250
14.970	3.281250
14.980	3.281250
14.990	3.281250
15.000	3.281250
15.010	3.203120
15.020	3.144530
15.030	3.085940
15.040	2.988280
15.050	2.988280
15.060	2.988280
15.070	2.988280
15.080	2.988280
15.090	2.988280
15.100	2.988280
15.110	2.988280
15.120	2.988280
15.130	2.988280
15.140	2.988280
15.150	2.988280
15.160	2.988280
15.170	2.988280
15.180	2.988280
15.190	2.988280
15.200	2.988280
15.210	2.988280
15.220	2.988280
15.230	2.988280
15.240	2.988280
15.250	2.988280
15.260	2.988280
15.270	2.988280
15.280	2.988280
15.290	2.988280
15.300	2.988280
15.310	2.988280
15.320	2.988280
15.330	2.988280
15.340	2.988280
15.350	2.988280
15.360	2.988280
15.370	2.988280
15.380	2.988280
15.390	2.988280
15.400	2.988280
15.410	2.988280
15.420	2.988280
15.430	2.988280
15.440	2.988280
15.450	2.988280
15.460	2.988280
15.470	2.988280
15.480	2.988280
15.490	2.988280
15.500	2.988280
15.510	2.988280
15.520	2.988280
15.530	2.988280
15.540	2.988280
15.550	2.988280
15.560	2.988280
15.570	2.988280
15.580	2.988280
15.590	2.929690
15.600	2.832030
15.610	2.832030
15.620	2.832030
15.630	2.832030
15.640	2.832030
15.650	2.832030
15.660	2.832030
15.670	2.832030
15.680	2.832030
15.690	2.832030
15.700	2.832030
15.710	2.832030
15.720	2.832030
15.730	2.832030
15.740	2.832030
15.750	2.832030
15.760	2.832030
15.770	2.832030
15.780	2.832030
15.790	2.832030
15.800	2.832030
15.810	2.832030
15.820	2.832030
15.830	2.832030
15.840	2.832030
15.850	2.832030
15.860	2.832030
15.870	2.832030
15.880	2.832030
15.890	2.832030
15.900	2.832030
15.910	2.832030
15.920	2.832030
15.930	2.832030
15.940	2.832030
15.950	2.832030
15.960	2.832030
15.970	2.832030
15.980	2.792970
15.990	2.675780
16.000	2.578120
16.010	2.539060
16.020	2.539060
16.030	2.539060
16.040	2.539060
16.050	2.539060
16.060	2.539060
16.070	2.539060
16.080	2.539060
16.090	2.539060
16.100	2.539060
16.110	2.539060
16.120	2.480470
16.130	2.460940
16.140	2.460940
16.150	2.382810
16.160	2.324220
16.170	2.324220
16.180	2.324220
16.190	2.324220
16.200	2.324220
16.210	2.324220
16.220	2.324220
16.230	2.324220
16.240	2.324220
16.250	2.324220
16.260	2.324220
16.270	2.324220
16.280	2.324220
16.290	2.324220
16.300	2.324220
16.310	2.285160
16.320	2.207030
16.330	2.167970
16.340	2.089840
16.350	2.089840
16.360	2.089840
16.370	2.089840
16.380	2.031250
16.390	2.031250
16.400	2.031250
16.410	2.031250
16.420	2.031250
16.430	2.031250
16.440	1.972660
16.450	1.894530
16.460	1.757810
16.470	1.640620
16.480	1.640620
16.490	1.640620
16.500	1.640620
16.510	1.640620
16.520	1.640620
16.530	1.640620
16.540	1.640620
16.550	1.640620
16.560	1.640620
16.570	1.640620
16.580	1.640620
16.590	1.640620
16.600	1.640620
16.610	1.640620
16.620	1.640620
16.630	1.640620
16.640	1.640620
16.650	1.640620
16.660	1.640620
16.670	1.640620
16.680	1.640620
16.690	1.640620
16.700	1.640620
16.710	1.640620
16.720	1.640620
16.730	1.640620
16.740	1.640620
16.750	1.640620
16.760	1.640620
16.770	1.640620
16.780	1.640620
16.790	1.640620
16.800	1.621090
16.810	1.591800
16.820	1.591800
16.830	1.591800
16.840	1.591800
16.850	1.591800
16.860	1.591800
16.870	1.591800
16.880	1.591800
16.890	1.591800
16.900	1.591800
16.910	1.591800
16.920	1.591800
16.930	1.591800
16.940	1.591800
16.950	1.591800
16.960	1.591800
16.970	1.601560
16.980	1.650390
16.990	1.699220
17.000	1.757810
17.010	1.796880
17.020	1.894530
17.030	1.962890
17.040	1.962890
17.050	1.972660
17.060	2.001950
17.070	2.080080
17.080	2.128910
17.090	2.207030
17.100	2.236330
17.110	2.255860
17.120	2.304690
17.130	2.304690
17.140	2.304690
17.150	2.343750
17.160	2.363280
17.170	2.412110
17.180	2.431640
17.190	2.470700
17.200	2.509770
17.210	2.529300
17.220	2.529300
17.230	2.568360
17.240	2.666020
17.250	2.734380
17.260	2.763670
17.270	2.822270
17.280	2.841800
17.290	2.910160
17.300	2.919920
17.310	2.968750
17.320	3.027340
17.330	3.027340
17.340	3.037110
17.350	3.056640
17.360	3.076170
17.370	3.085940
17.380	3.125000
17.390	3.193360
17.400	3.261720
17.410	3.291020
17.420	3.339840
17.430	3.417970
17.440	3.457030
17.450	3.476560
17.460	3.525390
17.470	3.554690
17.480	3.583980
17.490	3.632810
17.500	3.632810
17.510	3.681640
17.520	3.681640
17.530	3.730470
17.540	3.769530
17.550	3.769530
17.560	3.769530
17.570	3.769530
17.580	3.769530
17.590	3.769530
17.600	3.769530
17.610	3.769530
17.620	3.769530
17.630	3.769530
17.640	3.769530
17.650	3.769530
17.660	3.769530
17.670	3.769530
17.680	3.769530
17.690	3.769530
17.700	3.769530
17.710	3.769530
17.720	3.769530
17.730	3.769530
17.740	3.769530
17.750	3.769530
17.760	3.769530
17.770	3.769530
17.780	3.769530
17.790	3.769530
17.800	3.769530
17.810	3.769530
17.820	3.769530
17.830	3.769530
17.840	3.769530
17.850	3.769530
17.860	3.769530
17.870	3.710940
17.880	3.710940
17.890	3.710940
17.900	3.710940
17.910	3.710940
17.920	3.710940
17.930	3.710940
17.940	3.710940
17.950	3.710940
17.960	3.710940
17.970	3.710940
17.980	3.691410
17.990	3.681640
18.000	3.681640
18.010	3.681640
18.020	3.681640
18.030	3.681640
18.040	3.681640
18.050	3.671880
18.060	3.603520
18.070	3.554690
18.080	3.525390
18.090	3.505860
18.100	3.486330
18.110	3.486330
18.120	3.486330
18.130	3.486330
18.140	3.486330
18.150	3.486330
18.160	3.427730
18.170	3.378910
18.180	3.339840
18.190	3.330080
18.200	3.291020
18.210	3.222660
18.220	3.164060
18.230	3.164060
18.240	3.164060
18.250	3.164060
18.260	3.164060
18.270	3.164060
18.280	3.144530
18.290	3.125000
18.300	3.085940
18.310	3.076170
18.320	3.076170
18.330	3.076170
18.340	3.017580
18.350	2.988280
18.360	2.988280
18.370	2.988280
18.380	2.958980
18.390	2.939450
18.400	2.861330
18.410	2.841800
18.420	2.841800
18.430	2.841800
18.440	2.841800
18.450	2.841800
18.460	2.841800
18.470	2.841800
18.480	2.841800
18.490	2.841800
18.500	2.802730
18.510	2.802730
18.520	2.763670
18.530	2.744140
18.540	2.705080
18.550	2.636720
18.560	2.607420
18.570	2.597660
18.580	2.587890
18.590	2.558590
18.600	2.539060
18.610	2.500000
18.620	2.441410
18.630	2.382810
18.640	2.373050
18.650	2.373050
18.660	2.363280
18.670	2.314450
18.680	2.275390
18.690	2.207030
18.700	2.109380
18.710	2.050780
18.720	2.050780
18.730	2.011720
18.740	1.992190
18.750	1.972660
18.760	1.884770
18.770	1.884770
18.780	1.884770
18.790	1.884770
18.800	1.884770
18.810	1.875000
18.820	1.875000
18.830	1.865230
18.840	1.835940
18.850	1.826170
18.860	1.787110
18.870	1.777340
18.880	1.777340
18.890	1.738280
18.900	1.699220
18.910	1.699220
18.920	1.699220
18.930	1.669920
18.940	1.630860
18.950	1.591800
18.960	1.562500
18.970	1.562500
18.980	1.542970
18.990	1.533200
19.000	1.523440
19.010	1.513670
19.020	1.513670
19.030	1.513670
19.040	1.513670
19.050	1.513670
19.060	1.513670
19.070	1.513670
19.080	1.513670
19.090	1.513670
19.100	1.513670
19.110	1.513670
19.120	1.513670
19.130	1.513670
19.140	1.513670
19.150	1.513670
19.160	1.513670
19.170	1.513670
19.180	1.513670
19.190	1.513670
19.200	1.513670
19.210	1.513670
19.220	1.513670
19.230	1.513670
19.240	1.513670
19.250	1.513670
19.260	1.513670
19.270	1.513670
19.280	1.513670
19.290	1.513670
19.300	1.513670
19.310	1.513670
19.320	1.513670
19.330	1.513670
19.340	1.513670
19.350	1.513670
19.360	1.513670
19.370	1.513670
19.380	1.513670
19.390	1.513670
19.400	1.513670
19.410	1.513670
19.420	1.513670
19.430	1.513670
19.440	1.513670
19.450	1.513670
19.460	1.513670
19.470	1.513670
19.480	1.513670
19.490	1.513670
19.500	1.523440
19.510	1.542970
19.520	1.542970
19.530	1.542970
19.540	1.542970
19.550	1.542970
19.560	1.542970
19.570	1.542970
19.580	1.542970
19.590	1.542970
19.600	1.542970
19.610	1.542970
19.620	1.542970
19.630	1.542970
19.640	1.542970
19.650	1.542970
19.660	1.542970
19.670	1.542970
19.680	1.542970
19.690	1.542970
19.700	1.542970
19.710	1.542970
19.720	1.542970
19.730	1.542970
19.740	1.542970
19.750	1.542970
19.760	1.542970
19.770	1.542970
19.780	1.582030
19.790	1.601560
19.800	1.660160
19.810	1.669920
19.820	1.669920
19.830	1.669920
19.840	1.669920
19.850	1.669920
19.860	1.669920
19.870	1.669920
19.880	1.669920
19.890	1.669920
19.900	1.669920
19.910	1.669920
19.920	1.669920
19.930	1.669920
19.940	1.669920
19.950	1.669920
19.960	1.669920
19.970	1.669920
19.980	1.669920
19.990	1.669920
20.000	1.669920
20.010	1.669920
20.020	1.669920
20.030	1.669920
20.040	1.669920
20.050	1.669920
20.060	1.669920
20.070	1.669920
20.080	1.669920
20.090	1.669920
20.100	1.669920
20.110	1.669920
20.120	1.669920
20.130	1.669920
20.140	1.669920
20.150	1.669920
20.160	1.669920
20.170	1.669920
20.180	1.669920
20.190	1.669920
20.200	1.669920
20.210	1.630860
20.220	1.630860
20.230	1.630860
20.240	1.611330
20.250	1.611330
20.260	1.611330
20.270	1.611330
20.280	1.611330
20.290	1.611330
20.300	1.611330
20.310	1.611330
20.320	1.611330
20.330	1.611330
20.340	1.611330
20.350	1.611330
20.360	1.611330
20.370	1.611330
20.380	1.611330
20.390	1.572270
20.400	1.572270
20.410	1.572270
20.420	1.572270
20.430	1.572270
20.440	1.572270
20.450	1.572270
20.460	1.572270
20.470	1.572270
20.480	1.572270
20.490	1.572270
20.500	1.572270
20.510	1.572270
20.520	1.572270
20.530	1.552730
20.540	1.523440
20.550	1.445310
20.560	1.416020
20.570	1.416020
20.580	1.416020
20.590	1.416020
20.600	1.416020
20.610	1.416020
20.620	1.416020
20.630	1.416020
20.640	1.416020
20.650	1.416020
20.660	1.416020
20.670	1.416020
20.680	1.416020
20.690	1.416020
20.700	1.416020
20.710	1.416020
20.720	1.416020
20.730	1.416020
20.740	1.416020
20.750	1.416020
20.760	1.416020
20.770	1.416020
20.780	1.416020
20.790	1.416020
20.800	1.416020
20.810	1.416020
20.820	1.416020
20.830	1.416020
20.840	1.416020
20.850	1.416020
20.860	1.416020
20.870	1.416020
20.880	1.416020
20.890	1.416020
20.900	1.416020
20.910	1.416020
20.920	1.416020
20.930	1.416020
20.940	1.416020
20.950	1.416020
20.960	1.416020
20.970	1.416020
20.980	1.416020
20.990	1.416020
21.000	1.416020
21.010	1.416020
21.020	1.416020
21.030	1.416020
21.040	1.416020
21.050	1.416020
21.060	1.416020
21.070	1.416020
21.080	1.416020
21.090	1.416020
21.100	1.416020
21.110	1.416020
21.120	1.416020
21.130	1.416020
21.140	1.416020
21.150	1.416020
21.160	1.416020
21.170	1.416020
21.180	1.416020
21.190	1.416020
21.200	1.416020
21.210	1.416020
21.220	1.416020
21.230	1.416020
21.240	1.416020
21.250	1.416020
21.260	1.416020
21.270	1.416020
21.280	1.406250
21.290	1.406250
21.300	1.406250
21.310	1.376950
21.320	1.337890
21.330	1.337890
21.340	1.337890
21.350	1.289060
21.360	1.250000
21.370	1.250000
21.380	1.250000
21.390	1.240230
21.400	1.240230
21.410	1.240230
21.420	1.240230
21.430	1.240230
21.440	1.240230
21.450	1.240230
21.460	1.240230
21.470	1.240230
21.480	1.240230
21.490	1.240230
21.500	1.210940
21.510	1.191410
21.520	1.171880
21.530	1.152340
21.540	1.083980
21.550	1.064450
21.560	1.025390
21.570	0.996090
21.580	0.927730
21.590	0.888670
21.600	0.888670
21.610	0.878910
21.620	0.820310
21.630	0.781250
21.640	0.781250
21.650	0.781250
21.660	0.771480
21.670	0.732420
21.680	0.712890
21.690	0.644530
21.700	0.634770
21.710	0.634770
21.720	0.634770
21.730	0.634770
21.740	0.625000
21.750	0.625000
21.760	0.615230
21.770	0.615230
21.780	0.615230
21.790	0.615230
21.800	0.615230
21.810	0.615230
21.820	0.615230
21.830	0.615230
21.840	0.615230
21.850	0.615230
21.860	0.615230
21.870	0.615230
21.880	0.615230
21.890	0.615230
21.900	0.615230
21.910	0.615230
21.920	0.615230
21.930	0.615230
21.940	0.615230
21.950	0.615230
21.960	0.615230
21.970	0.615230
21.980	0.615230
21.990	0.615230
22.000	0.615230
22.010	0.615230
22.020	0.615230
22.030	0.615230
22.040	0.615230
22.050	0.634770
22.060	0.634770
22.070	0.634770
22.080	0.634770
22.090	0.634770
22.100	0.634770
22.110	0.634770
22.120	0.634770
22.130	0.634770
22.140	0.634770
22.150	0.634770
22.160	0.634770
22.170	0.634770
22.180	0.634770
22.190	0.634770
22.200	0.634770
22.210	0.634770
22.220	0.634770
22.230	0.634770
22.240	0.634770
22.250	0.634770
22.260	0.634770
22.270	0.634770
22.280	0.634770
22.290	0.634770
22.300	0.634770
22.310	0.634770
22.320	0.625000
22.330	0.625000
22.340	0.595700
22.350	0.595700
22.360	0.595700
22.370	0.585940
22.380	0.556640
22.390	0.556640
22.400	0.556640
22.410	0.556640
22.420	0.556640
22.430	0.556640
22.440	0.556640
22.450	0.556640
22.460	0.556640
22.470	0.556640
22.480	0.556640
22.490	0.556640
22.500	0.556640
22.510	0.556640
22.520	0.556640
22.530	0.556640
22.540	0.556640
22.550	0.556640
22.560	0.556640
22.570	0.556640
22.580	0.546880
22.590	0.488280
22.600	0.439450
22.610	0.410160
22.620	0.361330
22.630	0.361330
22.640	0.361330
22.650	0.361330
22.660	0.361330
22.670	0.361330
22.680	0.361330
22.690	0.361330
22.700	0.361330
22.710	0.361330
22.720	0.361330
22.730	0.361330
22.740	0.361330
22.750	0.361330
22.760	0.361330
22.770	0.341800
22.780	0.312500
22.790	0.312500
22.800	0.312500
22.810	0.244140
22.820	0.195310
22.830	0.175780
22.840	0.107420
22.850	0.068360
22.860	0.009770
22.870	-0.039060
22.880	-0.097660
22.890	-0.117190
22.900	-0.117190
22.910	-0.146480
22.920	-0.156250
22.930	-0.195310
22.940	-0.195310
22.950	-0.195310
22.960	-0.195310
22.970	-0.195310
22.980	-0.195310
22.990	-0.214840
23.000	-0.263670
23.010	-0.312500
23.020	-0.371090
23.030	-0.371090
23.040	-0.371090
23.050	-0.371090
23.060	-0.371090
23.070	-0.371090
23.080	-0.371090
23.090	-0.371090
23.100	-0.371090
23.110	-0.390620
23.120	-0.449220
23.130	-0.527340
23.140	-0.546880
23.150	-0.546880
23.160	-0.546880
23.170	-0.546880
23.180	-0.546880
23.190	-0.546880
23.200	-0.546880
23.210	-0.546880
23.220	-0.546880
23.230	-0.546880
23.240	-0.546880
23.250	-0.546880
23.260	-0.546880
23.270	-0.546880
23.280	-0.546880
23.290	-0.546880
23.300	-0.546880
23.310	-0.546880
23.320	-0.546880
23.330	-0.546880
23.340	-0.546880
23.350	-0.546880
23.360	-0.546880
23.370	-0.546880
23.380	-0.546880
23.390	-0.546880
23.400	-0.556640
23.410	-0.576170
23.420	-0.585940
23.430	-0.585940
23.440	-0.585940
23.450	-0.585940
23.460	-0.585940
23.470	-0.585940
23.480	-0.585940
23.490	-0.585940
23.500	-0.585940
23.510	-0.585940
23.520	-0.585940
23.530	-0.585940
23.540	-0.585940
23.550	-0.585940
23.560	-0.585940
23.570	-0.585940
23.580	-0.585940
23.590	-0.585940
23.600	-0.585940
23.610	-0.585940
23.620	-0.585940
23.630	-0.585940
23.640	-0.585940
23.650	-0.585940
23.660	-0.585940
23.670	-0.585940
23.680	-0.585940
23.690	-0.585940
23.700	-0.585940
23.710	-0.595700
23.720	-0.634770
23.730	-0.664060
23.740	-0.664060
23.750	-0.664060
23.760	-0.664060
23.770	-0.664060
23.780	-0.664060
23.790	-0.664060
23.800	-0.664060
23.810	-0.693360
23.820	-0.771480
23.830	-0.839840
23.840	-0.888670
23.850	-0.966800
23.860	-1.005860
23.870	-1.015620
23.880	-1.035160
23.890	-1.093750
23.900	-1.123050
23.910	-1.152340
23.920	-1.191410
23.930	-1.201170
23.940	-1.210940
23.950	-1.250000
23.960	-1.250000
23.970	-1.250000
23.980	-1.250000
23.990	-1.250000
24.000	-1.250000
24.010	-1.250000
24.020	-1.250000
24.030	-1.250000
24.040	-1.250000
24.050	-1.250000
24.060	-1.250000
24.070	-1.250000
24.080	-1.250000
24.090	-1.250000
24.100	-1.250000
24.110	-1.250000
24.120	-1.250000
24.130	-1.250000
24.140	-1.250000
24.150	-1.250000
24.160	-1.250000
24.170	-1.250000
24.180	-1.279300
24.190	-1.279300
24.200	-1.279300
24.210	-1.279300
24.220	-1.279300
24.230	-1.279300
24.240	-1.279300
24.250	-1.279300
24.260	-1.279300
24.270	-1.279300
24.280	-1.279300
24.290	-1.279300
24.300	-1.279300
24.310	-1.279300
24.320	-1.279300
24.330	-1.279300
24.340	-1.279300
24.350	-1.279300
24.360	-1.279300
24.370	-1.279300
24.380	-1.279300
24.390	-1.279300
24.400	-1.279300
24.410	-1.279300
24.420	-1.279300
24.430	-1.279300
24.440	-1.279300
24.450	-1.279300
24.460	-1.279300
24.470	-1.279300
24.480	-1.279300
24.490	-1.279300
24.500	-1.279300
24.510	-1.279300
24.520	-1.279300
24.530	-1.279300
24.540	-1.279300
24.550	-1.279300
24.560	-1.279300
24.570	-1.279300
24.580	-1.279300
24.590	-1.279300
24.600	-1.279300
24.610	-1.279300
24.620	-1.279300
24.630	-1.279300
24.640	-1.279300
24.650	-1.279300
24.660	-1.279300
24.670	-1.279300
24.680	-1.279300
24.690	-1.279300
24.700	-1.279300
24.710	-1.279300
24.720	-1.279300
24.730	-1.279300
24.740	-1.328120
24.750	-1.367190
24.760	-1.367190
24.770	-1.367190
24.780	-1.367190
24.790	-1.367190
24.800	-1.367190
24.810	-1.367190
24.820	-1.367190
24.830	-1.367190
24.840	-1.367190
24.850	-1.367190
24.860	-1.367190
24.870	-1.367190
24.880	-1.367190
24.890	-1.367190
24.900	-1.367190
24.910	-1.367190
24.920	-1.367190
24.930	-1.367190
24.940	-1.367190
24.950	-1.367190
24.960	-1.367190
24.970	-1.367190
24.980	-1.367190
24.990	-1.367190
25.000	-1.367190
25.010	-1.367190
25.020	-1.367190
25.030	-1.367190
25.040	-1.367190
25.050	-1.367190
25.060	-1.367190
25.070	-1.367190
25.080	-1.367190
25.090	-1.367190
25.100	-1.367190
25.110	-1.367190
25.120	-1.367190
25.130	-1.367190
25.140	-1.367190
25.150	-1.367190
25.160	-1.367190
25.170	-1.367190
25.180	-1.367190
25.190	-1.367190
25.200	-1.367190
25.210	-1.367190
25.220	-1.367190
25.230	-1.367190
25.240	-1.367190
25.250	-1.367190
25.260	-1.367190
25.270	-1.367190
25.280	-1.367190
25.290	-1.367190
25.300	-1.367190
25.310	-1.367190
25.320	-1.328120
25.330	-1.328120
25.340	-1.328120
25.350	-1.328120
25.360	-1.328120
25.370	-1.298830
25.380	-1.298830
25.390	-1.298830
25.400	-1.298830
25.410	-1.298830
25.420	-1.298830
25.430	-1.298830
25.440	-1.298830
25.450	-1.298830
25.460	-1.298830
25.470	-1.298830
25.480	-1.298830
25.490	-1.298830
25.500	-1.298830
25.510	-1.298830
25.520	-1.298830
25.530	-1.298830
25.540	-1.298830
25.550	-1.298830
25.560	-1.298830
25.570	-1.298830
25.580	-1.298830
25.590	-1.298830
25.600	-1.298830
25.610	-1.298830
25.620	-1.298830
25.630	-1.298830
25.640	-1.298830
25.650	-1.298830
25.660	-1.298830
25.670	-1.298830
25.680	-1.298830
25.690	-1.298830
25.700	-1.298830
25.710	-1.298830
25.720	-1.298830
25.730	-1.328120
25.740	-1.396480
25.750	-1.396480
25.760	-1.425780
25.770	-1.464840
25.780	-1.494140
25.790	-1.513670
25.800	-1.513670
25.810	-1.513670
25.820	-1.513670
25.830	-1.513670
25.840	-1.513670
25.850	-1.513670
25.860	-1.513670
25.870	-1.513670
25.880	-1.513670
25.890	-1.513670
25.900	-1.513670
25.910	-1.513670
25.920	-1.513670
25.930	-1.513670
25.940	-1.513670
25.950	-1.513670
25.960	-1.513670
25.970	-1.513670
25.980	-1.513670
25.990	-1.513670
26.000	-1.513670
26.010	-1.513670
26.020	-1.513670
26.030	-1.513670
26.040	-1.513670
26.050	-1.513670
26.060	-1.513670
26.070	-1.513670
26.080	-1.513670
26.090	-1.513670
26.100	-1.513670
26.110	-1.513670
26.120	-1.513670
26.130	-1.513670
26.140	-1.513670
26.150	-1.513670
26.160	-1.513670
26.170	-1.513670
26.180	-1.513670
26.190	-1.513670
26.200	-1.513670
26.210	-1.513670
26.220	-1.513670
26.230	-1.513670
26.240	-1.513670
26.250	-1.513670
26.260	-1.513670
26.270	-1.513670
26.280	-1.513670
26.290	-1.513670
26.300	-1.513670
26.310	-1.513670
26.320	-1.513670
26.330	-1.513670
26.340	-1.513670
26.350	-1.513670
26.360	-1.513670
26.370	-1.513670
26.380	-1.513670
26.390	-1.513670
26.400	-1.513670
26.410	-1.513670
26.420	-1.513670
26.430	-1.513670
26.440	-1.513670
26.450	-1.513670
26.460	-1.513670
26.470	-1.513670
26.480	-1.513670
26.490	-1.513670
26.500	-1.513670
26.510	-1.513670
26.520	-1.513670
26.530	-1.513670
26.540	-1.513670
26.550	-1.513670
26.560	-1.513670
26.570	-1.513670
26.580	-1.513670
26.590	-1.513670
26.600	-1.513670
26.610	-1.572270
26.620	-1.611330
26.630	-1.621090
26.640	-1.640620
26.650	-1.669920
26.660	-1.679690
26.670	-1.679690
26.680	-1.728520
26.690	-1.728520
26.700	-1.728520
26.710	-1.728520
26.720	-1.728520
26.730	-1.728520
26.740	-1.728520
26.750	-1.728520
26.760	-1.728520
26.770	-1.728520
26.780	-1.728520
26.790	-1.728520
26.800	-1.728520
26.810	-1.728520
26.820	-1.728520
26.830	-1.728520
26.840	-1.728520
26.850	-1.728520
26.860	-1.728520
26.870	-1.728520
26.880	-1.669920
26.890	-1.640620
26.900	-1.640620
26.910	-1.640620
26.920	-1.640620
26.930	-1.640620
26.940	-1.640620
26.950	-1.640620
26.960	-1.640620
26.970	-1.640620
26.980	-1.621090
26.990	-1.601560
27.000	-1.601560
27.010	-1.601560
27.020	-1.601560
27.030	-1.601560
27.040	-1.601560
27.050	-1.601560
27.060	-1.542970
27.070	-1.523440
27.080	-1.464840
27.090	-1.386720
27.100	-1.318360
27.110	-1.250000
27.120	-1.210940
27.130	-1.191410
27.140	-1.191410
27.150	-1.191410
27.160	-1.191410
27.170	-1.191410
27.180	-1.191410
27.190	-1.191410
27.200	-1.191410
27.210	-1.191410
27.220	-1.191410
27.230	-1.191410
27.240	-1.191410
27.250	-1.191410
27.260	-1.191410
27.270	-1.191410
27.280	-1.191410
27.290	-1.191410
27.300	-1.191410
27.310	-1.191410
27.320	-1.191410
27.330	-1.191410
27.340	-1.191410
27.350	-1.191410
27.360	-1.191410
27.370	-1.191410
27.380	-1.191410
27.390	-1.191410
27.400	-1.191410
27.410	-1.191410
27.420	-1.191410
27.430	-1.191410
27.440	-1.191410
27.450	-1.191410
27.460	-1.191410
27.470	-1.191410
27.480	-1.191410
27.490	-1.191410
27.500	-1.191410
27.510	-1.142580
27.520	-1.142580
27.530	-1.142580
27.540	-1.142580
27.550	-1.142580
27.560	-1.142580
27.570	-1.103520
27.580	-1.093750
27.590	-1.074220
27.600	-1.074220
27.610	-1.074220
27.620	-1.074220
27.630	-1.074220
27.640	-1.074220
27.650	-1.074220
27.660	-1.074220
27.670	-1.074220
27.680	-1.074220
27.690	-1.074220
27.700	-1.074220
27.710	-1.074220
27.720	-1.074220
27.730	-1.074220
27.740	-1.074220
27.750	-1.074220
27.760	-1.074220
27.770	-1.074220
27.780	-1.074220
27.790	-1.074220
27.800	-1.074220
27.810	-1.074220
27.820	-1.074220
27.830	-1.074220
27.840	-1.074220
27.850	-1.074220
27.860	-1.074220
27.870	-1.074220
27.880	-1.054690
27.890	-1.035160
27.900	-1.030270
27.910	-1.030270
27.920	-1.030270
27.930	-1.030270
27.940	-1.030270
27.950	-1.030270
27.960	-1.030270
27.970	-1.030270
27.980	-1.030270
27.990	-1.030270
28.000	-1.030270
28.010	-1.030270
28.020	-1.030270
28.030	-1.030270
28.040	-1.030270
28.050	-1.030270
28.060	-1.030270
28.070	-1.030270
28.080	-1.030270
28.090	-1.030270
28.100	-1.030270
28.110	-1.030270
28.120	-1.030270
28.130	-1.030270
28.140	-1.030270
28.150	-1.030270
28.160	-1.030270
28.170	-1.030270
28.180	-1.030270
28.190	-1.030270
28.200	-1.030270
28.210	-1.030270
28.220	-1.030270
28.230	-1.030270
28.240	-1.030270
28.250	-1.030270
28.260	-1.030270
28.270	-1.020510
28.280	-0.996090
28.290	-0.981450
28.300	-0.961910
28.310	-0.961910
28.320	-0.961910
28.330	-0.961910
28.340	-0.961910
28.350	-0.961910
28.360	-0.961910
28.370	-0.942380
28.380	-0.932620
28.390	-0.922850
28.400	-0.922850
28.410	-0.913090
28.420	-0.888670
28.430	-0.864260
28.440	-0.864260
28.450	-0.864260
28.460	-0.864260
28.470	-0.864260
28.480	-0.864260
28.490	-0.864260
28.500	-0.864260
28.510	-0.864260
28.520	-0.864260
28.530	-0.864260
28.540	-0.864260
28.550	-0.864260
28.560	-0.864260
28.570	-0.864260
28.580	-0.864260
28.590	-0.864260
28.600	-0.864260
28.610	-0.854490
28.620	-0.854490
28.630	-0.844730
28.640	-0.815430
28.650	-0.781250
28.660	-0.747070
28.670	-0.717770
28.680	-0.688480
28.690	-0.678710
28.700	-0.678710
28.710	-0.678710
28.720	-0.678710
28.730	-0.678710
28.740	-0.678710
28.750	-0.678710
28.760	-0.678710
28.770	-0.678710
28.780	-0.678710
28.790	-0.678710
28.800	-0.678710
28.810	-0.678710
28.820	-0.678710
28.830	-0.678710
28.840	-0.678710
28.850	-0.678710
28.860	-0.678710
28.870	-0.678710
28.880	-0.678710
28.890	-0.678710
28.900	-0.678710
28.910	-0.678710
28.920	-0.678710
28.930	-0.678710
28.940	-0.678710
28.950	-0.678710
28.960	-0.678710
28.970	-0.678710
28.980	-0.678710
28.990	-0.678710
29.000	-0.678710
29.010	-0.673830
29.020	-0.673830
29.030	-0.664060
29.040	-0.664060
29.050	-0.639650
29.060	-0.595700
29.070	-0.576170
29.080	-0.566410
29.090	-0.551760
29.100	-0.541990
29.110	-0.507810
29.120	-0.502930
29.130	-0.502930
29.140	-0.502930
29.150	-0.502930
29.160	-0.502930
29.170	-0.502930
29.180	-0.493160
29.190	-0.473630
29.200	-0.429690
29.210	-0.419920
29.220	-0.390620
29.230	-0.366210
29.240	-0.341800
29.250	-0.307620
29.260	-0.283200
29.270	-0.249020
29.280	-0.214840
29.290	-0.190430
29.300	-0.166020
29.310	-0.151370
29.320	-0.131840
29.330	-0.122070
29.340	-0.092770
29.350	-0.068360
29.360	-0.034180
29.370	-0.014650
29.380	0.034180
29.390	0.058590
29.400	0.087890
29.410	0.126950
29.420	0.136720
29.430	0.166020
29.440	0.190430
29.450	0.190430
29.460	0.205080
29.470	0.239260
29.480	0.258790
29.490	0.297850
29.500	0.332030
29.510	0.346680
29.520	0.371090
29.530	0.390620
29.540	0.390620
29.550	0.400390
29.560	0.415040
29.570	0.434570
29.580	0.439450
29.590	0.444340
29.600	0.468750
29.610	0.498050
29.620	0.527340
29.630	0.551760
29.640	0.581050
29.650	0.590820
29.660	0.595700
29.670	0.595700
29.680	0.595700
29.690	0.595700
29.700	0.595700
29.710	0.595700
29.720	0.595700
29.730	0.595700
29.740	0.595700
29.750	0.595700
29.760	0.595700
29.770	0.595700
29.780	0.595700
29.790	0.595700
29.800	0.595700
29.810	0.595700
29.820	0.595700
29.830	0.595700
29.840	0.625000
29.850	0.673830
29.860	0.688480
29.870	0.732420
29.880	0.747070
29.890	0.747070
29.900	0.747070
29.910	0.747070
29.920	0.747070
29.930	0.747070
29.940	0.747070
29.950	0.747070
29.960	0.747070
29.970	0.747070
29.980	0.747070
29.990	0.747070
30.000	0.747070
30.010	0.747070
30.020	0.747070
30.030	0.747070
30.040	0.747070
30.050	0.747070
30.060	0.747070
30.070	0.747070
30.080	0.747070
30.090	0.747070
30.100	0.747070
30.110	0.747070
30.120	0.747070
30.130	0.747070
30.140	0.747070
30.150	0.747070
30.160	0.747070
30.170	0.747070
30.180	0.747070
30.190	0.747070
30.200	0.747070
30.210	0.747070
30.220	0.747070
30.230	0.747070
30.240	0.747070
30.250	0.747070
30.260	0.747070
30.270	0.747070
30.280	0.747070
30.290	0.747070
30.300	0.747070
30.310	0.747070
30.320	0.747070
30.330	0.747070
30.340	0.747070
30.350	0.747070
30.360	0.747070
30.370	0.747070
30.380	0.747070
30.390	0.747070
30.400	0.747070
30.410	0.747070
30.420	0.747070
30.430	0.747070
30.440	0.747070
30.450	0.747070
30.460	0.747070
30.470	0.747070
30.480	0.747070
30.490	0.747070
30.500	0.747070
30.510	0.747070
30.520	0.747070
30.530	0.747070
30.540	0.747070
30.550	0.747070
30.560	0.747070
30.570	0.747070
30.580	0.747070
30.590	0.747070
30.600	0.747070
30.610	0.747070
30.620	0.747070
30.630	0.747070
30.640	0.747070
30.650	0.747070
30.660	0.747070
30.670	0.747070
30.680	0.747070
30.690	0.747070
30.700	0.747070
30.710	0.747070
30.720	0.747070
30.730	0.747070
30.740	0.747070
30.750	0.747070
30.760	0.747070
30.770	0.747070
30.780	0.747070
30.790	0.747070
30.800	0.747070
30.810	0.747070
30.820	0.747070
30.830	0.751950
30.840	0.751950
30.850	0.751950
30.860	0.756840
30.870	0.756840
30.880	0.756840
30.890	0.756840
30.900	0.756840
30.910	0.756840
30.920	0.756840
30.930	0.756840
30.940	0.756840
30.950	0.756840
30.960	0.756840
30.970	0.756840
30.980	0.756840
30.990	0.756840
31.000	0.756840
31.010	0.756840
31.020	0.756840
31.030	0.756840
31.040	0.756840
31.050	0.756840
31.060	0.756840
31.070	0.756840
31.080	0.756840
31.090	0.756840
31.100	0.756840
31.110	0.756840
31.120	0.756840
31.130	0.756840
31.140	0.756840
31.150	0.756840
31.160	0.756840
31.170	0.756840
31.180	0.756840
31.190	0.756840
31.200	0.756840
31.210	0.756840
31.220	0.756840
31.230	0.756840
31.240	0.756840
31.250	0.756840
31.260	0.756840
31.270	0.756840
31.280	0.756840
31.290	0.756840
31.300	0.756840
31.310	0.756840
31.320	0.756840
31.330	0.756840
31.340	0.756840
31.350	0.756840
31.360	0.756840
31.370	0.756840
31.380	0.756840
31.390	0.756840
31.400	0.756840
31.410	0.756840
31.420	0.756840
31.430	0.756840
31.440	0.756840
31.450	0.756840
31.460	0.756840
31.470	0.756840
31.480	0.756840
31.490	0.756840
31.500	0.756840
31.510	0.756840
31.520	0.756840
31.530	0.756840
31.540	0.756840
31.550	0.756840
31.560	0.756840
31.570	0.756840
31.580	0.756840
31.590	0.756840
31.600	0.756840
31.610	0.756840
31.620	0.756840
31.630	0.756840
31.640	0.756840
31.650	0.756840
31.660	0.756840
31.670	0.756840
31.680	0.756840
31.690	0.756840
31.700	0.756840
31.710	0.756840
31.720	0.756840
31.730	0.756840
31.740	0.756840
31.750	0.756840
31.760	0.756840
31.770	0.756840
31.780	0.756840
31.790	0.756840
31.800	0.756840
31.810	0.756840
31.820	0.756840
31.830	0.756840
31.840	0.756840
31.850	0.756840
31.860	0.756840
31.870	0.756840
31.880	0.756840
31.890	0.756840
31.900	0.756840
31.910	0.756840
31.920	0.747070
31.930	0.722660
31.940	0.698240
31.950	0.698240
31.960	0.698240
31.970	0.698240
31.980	0.698240
31.990	0.698240
32.000	0.698240
32.010	0.698240
32.020	0.698240
32.030	0.698240
32.040	0.698240
32.050	0.698240
32.060	0.698240
32.070	0.698240
32.080	0.698240
32.090	0.698240
32.100	0.698240
32.110	0.698240
32.120	0.698240
32.130	0.698240
32.140	0.698240
32.150	0.698240
32.160	0.698240
32.170	0.698240
32.180	0.698240
32.190	0.698240
32.200	0.698240
32.210	0.698240
32.220	0.698240
32.230	0.698240
32.240	0.698240
32.250	0.698240
32.260	0.698240
32.270	0.698240
32.280	0.698240
32.290	0.698240
32.300	0.698240
32.310	0.698240
32.320	0.698240
32.330	0.698240
32.340	0.698240
32.350	0.698240
32.360	0.698240
32.370	0.698240
32.380	0.698240
32.390	0.698240
32.400	0.698240
32.410	0.698240
32.420	0.698240
32.430	0.698240
32.440	0.698240
32.450	0.698240
32.460	0.698240
32.470	0.698240
32.480	0.698240
32.490	0.698240
32.500	0.698240
32.510	0.698240
32.520	0.698240
32.530	0.698240
32.540	0.698240
32.550	0.698240
32.560	0.698240
32.570	0.698240
32.580	0.698240
32.590	0.698240
32.600	0.698240
32.610	0.698240
32.620	0.698240
32.630	0.698240
32.640	0.698240
32.650	0.698240
32.660	0.698240
32.670	0.698240
32.680	0.698240
32.690	0.698240
32.700	0.698240
32.710	0.698240
32.720	0.698240
32.730	0.698240
32.740	0.698240
32.750	0.698240
32.760	0.698240
32.770	0.698240
32.780	0.698240
32.790	0.698240
32.800	0.708010
32.810	0.708010
32.820	0.708010
32.830	0.708010
32.840	0.708010
32.850	0.712890
32.860	0.722660
32.870	0.727540
32.880	0.732420
32.890	0.742190
32.900	0.747070
32.910	0.756840
32.920	0.761720
32.930	0.771480
32.940	0.776370
32.950	0.776370
32.960	0.776370
32.970	0.776370
32.980	0.776370
32.990	0.776370
33.000	0.776370
33.010	0.776370
33.020	0.776370
33.030	0.776370
33.040	0.776370
33.050	0.776370
33.060	0.776370
33.070	0.776370
33.080	0.776370
33.090	0.776370
33.100	0.776370
33.110	0.776370
33.120	0.776370
33.130	0.776370
33.140	0.776370
33.150	0.776370
33.160	0.776370
33.170	0.776370
33.180	0.776370
33.190	0.776370
33.200	0.776370
33.210	0.776370
33.220	0.776370
33.230	0.776370
33.240	0.776370
33.250	0.776370
33.260	0.776370
33.270	0.776370
33.280	0.776370
33.290	0.776370
33.300	0.776370
33.310	0.776370
33.320	0.776370
33.330	0.776370
33.340	0.776370
33.350	0.776370
33.360	0.776370
33.370	0.776370
33.380	0.776370
33.390	0.776370
33.400	0.776370
33.410	0.776370
33.420	0.776370
33.430	0.776370
33.440	0.776370
33.450	0.776370
33.460	0.776370
33.470	0.776370
33.480	0.776370
33.490	0.776370
33.500	0.776370
33.510	0.776370
33.520	0.815430
33.530	0.820310
33.540	0.820310
33.550	0.820310
33.560	0.820310
33.570	0.820310
33.580	0.820310
33.590	0.820310
33.600	0.820310
33.610	0.820310
33.620	0.820310
33.630	0.820310
33.640	0.820310
33.650	0.820310
33.660	0.820310
33.670	0.820310
33.680	0.820310
33.690	0.820310
33.700	0.820310
33.710	0.820310
33.720	0.820310
33.730	0.820310
33.740	0.820310
33.750	0.820310
33.760	0.820310
33.770	0.820310
33.780	0.820310
33.790	0.820310
33.800	0.820310
33.810	0.820310
33.820	0.820310
33.830	0.820310
33.840	0.820310
33.850	0.820310
33.860	0.820310
33.870	0.820310
33.880	0.820310
33.890	0.820310
33.900	0.820310
33.910	0.820310
33.920	0.820310
33.930	0.820310
33.940	0.820310
33.950	0.820310
33.960	0.820310
33.970	0.820310
33.980	0.820310
33.990	0.820310
34.000	0.815430
34.010	0.786130
34.020	0.751950
34.030	0.751950
34.040	0.751950
34.050	0.751950
34.060	0.751950
34.070	0.751950
34.080	0.751950
34.090	0.751950
34.100	0.751950
34.110	0.751950
34.120	0.751950
34.130	0.751950
34.140	0.751950
34.150	0.751950
34.160	0.751950
34.170	0.751950
34.180	0.751950
34.190	0.751950
34.200	0.751950
34.210	0.751950
34.220	0.751950
34.230	0.751950
34.240	0.751950
34.250	0.751950
34.260	0.751950
34.270	0.751950
34.280	0.751950
34.290	0.751950
34.300	0.751950
34.310	0.751950
34.320	0.751950
34.330	0.751950
34.340	0.751950
34.350	0.751950
34.360	0.751950
34.370	0.751950
34.380	0.751950
34.390	0.751950
34.400	0.751950
34.410	0.756840
34.420	0.756840
34.430	0.756840
34.440	0.786130
34.450	0.795900
34.460	0.830080
34.470	0.859380
34.480	0.874020
34.490	0.888670
34.500	0.888670
34.510	0.888670
34.520	0.903320
34.530	0.903320
34.540	0.903320
34.550	0.903320
34.560	0.903320
34.570	0.903320
34.580	0.903320
34.590	0.942380
34.600	0.957030
34.610	0.961910
34.620	0.961910
34.630	0.961910
34.640	0.971680
34.650	0.971680
34.660	0.971680
34.670	0.971680
34.680	0.971680
34.690	0.971680
34.700	0.971680
34.710	0.971680
34.720	0.971680
34.730	0.971680
34.740	0.971680
34.750	0.971680
34.760	0.971680
34.770	0.971680
34.780	0.971680
34.790	0.971680
34.800	0.971680
34.810	0.976560
34.820	0.986330
34.830	1.000980
34.840	1.020510
34.850	1.054690
34.860	1.074220
34.870	1.079100
34.880	1.079100
34.890	1.088870
34.900	1.093750
34.910	1.113280
34.920	1.127930
34.930	1.127930
34.940	1.127930
34.950	1.127930
34.960	1.127930
34.970	1.127930
34.980	1.127930
34.990	1.127930
35.000	1.127930
35.010	1.127930
35.020	1.127930
35.030	1.127930
35.040	1.127930
35.050	1.127930
35.060	1.127930
35.070	1.127930
35.080	1.127930
35.090	1.127930
35.100	1.127930
35.110	1.127930
35.120	1.127930
35.130	1.127930
35.140	1.127930
35.150	1.127930
35.160	1.127930
35.170	1.127930
35.180	1.127930
35.190	1.127930
35.200	1.127930
35.210	1.127930
35.220	1.127930
35.230	1.127930
35.240	1.127930
35.250	1.127930
35.260	1.127930
35.270	1.127930
35.280	1.127930
35.290	1.127930
35.300	1.127930
35.310	1.127930
35.320	1.127930
35.330	1.127930
35.340	1.127930
35.350	1.127930
35.360	1.127930
35.370	1.127930
35.380	1.127930
35.390	1.127930
35.400	1.127930
35.410	1.127930
35.420	1.127930
35.430	1.127930
35.440	1.127930
35.450	1.118160
35.460	1.118160
35.470	1.118160
35.480	1.118160
35.490	1.118160
35.500	1.118160
35.510	1.118160
35.520	1.118160
35.530	1.118160
35.540	1.118160
35.550	1.118160
35.560	1.118160
35.570	1.118160
35.580	1.118160
35.590	1.118160
35.600	1.118160
35.610	1.118160
35.620	1.118160
35.630	1.118160
35.640	1.118160
35.650	1.118160
35.660	1.118160
35.670	1.118160
35.680	1.118160
35.690	1.118160
35.700	1.118160
35.710	1.118160
35.720	1.118160
35.730	1.118160
35.740	1.083980
35.750	1.064450
35.760	1.059570
35.770	1.040040
35.780	1.030270
35.790	1.020510
35.800	1.020510
35.810	1.020510
35.820	1.000980
35.830	1.000980
35.840	1.000980
35.850	1.000980
35.860	1.000980
35.870	1.000980
35.880	1.000980
35.890	1.000980
35.900	1.000980
35.910	1.000980
35.920	1.000980
35.930	0.991210
35.940	0.991210
35.950	0.991210
35.960	0.991210
35.970	0.991210
35.980	0.991210
35.990	0.991210
36.000	0.991210
36.010	0.991210
36.020	0.991210
36.030	0.991210
36.040	0.991210
36.050	0.991210
36.060	0.991210
36.070	0.991210
36.080	0.991210
36.090	0.991210
36.100	0.991210
36.110	0.991210
36.120	1.005860
36.130	1.010740
36.140	1.030270
36.150	1.035160
36.160	1.035160
36.170	1.035160
36.180	1.035160
36.190	1.035160
36.200	1.035160
36.210	1.035160
36.220	1.035160
36.230	1.035160
36.240	1.035160
36.250	1.035160
36.260	1.035160
36.270	1.035160
36.280	1.035160
36.290	1.035160
36.300	1.035160
36.310	1.035160
36.320	1.035160
36.330	1.035160
36.340	1.035160
36.350	1.035160
36.360	1.035160
36.370	1.035160
36.380	1.035160
36.390	1.035160
36.400	1.035160
36.410	1.035160
36.420	1.035160
36.430	1.035160
36.440	1.035160
36.450	1.035160
36.460	1.035160
36.470	1.035160
36.480	1.035160
36.490	1.025390
36.500	1.010740
36.510	0.996090
36.520	0.996090
36.530	0.996090
36.540	0.996090
36.550	0.996090
36.560	0.996090
36.570	0.996090
36.580	0.996090
36.590	0.996090
36.600	0.996090
36.610	0.996090
36.620	0.996090
36.630	0.996090
36.640	0.996090
36.650	0.996090
36.660	0.996090
36.670	0.996090
36.680	0.996090
36.690	0.976560
36.700	0.976560
36.710	0.976560
36.720	0.971680
36.730	0.932620
36.740	0.913090
36.750	0.913090
36.760	0.913090
36.770	0.913090
36.780	0.913090
36.790	0.913090
36.800	0.913090
36.810	0.913090
36.820	0.913090
36.830	0.913090
36.840	0.913090
36.850	0.913090
36.860	0.913090
36.870	0.913090
36.880	0.913090
36.890	0.913090
36.900	0.913090
36.910	0.913090
36.920	0.913090
36.930	0.913090
36.940	0.913090
36.950	0.913090
36.960	0.913090
36.970	0.913090
36.980	0.913090
36.990	0.913090
37.000	0.913090
37.010	0.913090
37.020	0.913090
37.030	0.913090
37.040	0.913090
37.050	0.913090
37.060	0.913090
37.070	0.913090
37.080	0.913090
37.090	0.913090
37.100	0.913090
37.110	0.913090
37.120	0.903320
37.130	0.903320
37.140	0.903320
37.150	0.903320
37.160	0.903320
37.170	0.903320
37.180	0.903320
37.190	0.903320
37.200	0.903320
37.210	0.903320
37.220	0.903320
37.230	0.903320
37.240	0.903320
37.250	0.903320
37.260	0.922850
37.270	0.947270
37.280	0.952150
37.290	0.957030
37.300	0.976560
37.310	0.976560
37.320	0.976560
37.330	0.981450
37.340	0.981450
37.350	1.010740
37.360	1.010740
37.370	1.025390
37.380	1.040040
37.390	1.049800
37.400	1.049800
37.410	1.049800
37.420	1.049800
37.430	1.049800
37.440	1.049800
37.450	1.049800
37.460	1.049800
37.470	1.049800
37.480	1.049800
37.490	1.049800
37.500	1.079100
37.510	1.079100
37.520	1.079100
37.530	1.113280
37.540	1.123050
37.550	1.132810
37.560	1.142580
37.570	1.152340
37.580	1.157230
37.590	1.157230
37.600	1.157230
37.610	1.157230
37.620	1.157230
37.630	1.157230
37.640	1.186520
37.650	1.186520
37.660	1.186520
37.670	1.186520
37.680	1.186520
37.690	1.186520
37.700	1.186520
37.710	1.186520
37.720	1.186520
37.730	1.186520
37.740	1.186520
37.750	1.186520
37.760	1.186520
37.770	1.186520
37.780	1.186520
37.790	1.186520
37.800	1.186520
37.810	1.186520
37.820	1.186520
37.830	1.186520
37.840	1.186520
37.850	1.186520
37.860	1.215820
37.870	1.240230
37.880	1.269530
37.890	1.289060
37.900	1.318360
37.910	1.337890
37.920	1.337890
37.930	1.337890
37.940	1.337890
37.950	1.337890
37.960	1.337890
37.970	1.337890
37.980	1.337890
37.990	1.342770
38.000	1.342770
38.010	1.372070
38.020	1.372070
38.030	1.372070
38.040	1.381840
38.050	1.381840
38.060	1.381840
38.070	1.381840
38.080	1.401370
38.090	1.401370
38.100	1.406250
38.110	1.411130
38.120	1.411130
38.130	1.455080
38.140	1.469730
38.150	1.469730
38.160	1.469730
38.170	1.469730
38.180	1.469730
38.190	1.469730
38.200	1.469730
38.210	1.479490
38.220	1.479490
38.230	1.479490
38.240	1.479490
38.250	1.479490
38.260	1.479490
38.270	1.479490
38.280	1.479490
38.290	1.479490
38.300	1.479490
38.310	1.479490
38.320	1.479490
38.330	1.479490
38.340	1.479490
38.350	1.479490
38.360	1.479490
38.370	1.479490
38.380	1.479490
38.390	1.479490
38.400	1.479490
38.410	1.479490
38.420	1.479490
38.430	1.479490
38.440	1.479490
38.450	1.479490
38.460	1.479490
38.470	1.479490
38.480	1.479490
38.490	1.479490
38.500	1.479490
38.510	1.479490
38.520	1.479490
38.530	1.479490
38.540	1.479490
38.550	1.479490
38.560	1.479490
38.570	1.479490
38.580	1.479490
38.590	1.479490
38.600	1.479490
38.610	1.479490
38.620	1.479490
38.630	1.479490
38.640	1.479490
38.650	1.479490
38.660	1.479490
38.670	1.479490
38.680	1.479490
38.690	1.479490
38.700	1.479490
38.710	1.479490
38.720	1.479490
38.730	1.479490
38.740	1.479490
38.750	1.479490
38.760	1.479490
38.770	1.479490
38.780	1.479490
38.790	1.479490
38.800	1.479490
38.810	1.479490
38.820	1.479490
38.830	1.479490
38.840	1.479490
38.850	1.479490
38.860	1.479490
38.870	1.479490
38.880	1.479490
38.890	1.479490
38.900	1.479490
38.910	1.479490
38.920	1.479490
38.930	1.479490
38.940	1.479490
38.950	1.479490
38.960	1.479490
38.970	1.489260
38.980	1.528320
38.990	1.557620
39.000	1.586910
39.010	1.601560
39.020	1.621090
39.030	1.665040
39.040	1.684570
39.050	1.713870
39.060	1.723630
39.070	1.723630
39.080	1.723630
39.090	1.723630
39.100	1.723630
39.110	1.723630
39.120	1.723630
39.130	1.728520
39.140	1.728520
39.150	1.728520
39.160	1.728520
39.170	1.728520
39.180	1.728520
39.190	1.728520
39.200	1.728520
39.210	1.733400
39.220	1.752930
39.230	1.762700
39.240	1.787110
39.250	1.787110
39.260	1.787110
39.270	1.787110
39.280	1.787110
39.290	1.787110
39.300	1.787110
39.310	1.787110
39.320	1.787110
39.330	1.787110
39.340	1.787110
39.350	1.787110
39.360	1.787110
39.370	1.787110
39.380	1.787110
39.390	1.787110
39.400	1.787110
39.410	1.787110
39.420	1.787110
39.430	1.787110
39.440	1.787110
39.450	1.787110
39.460	1.787110
39.470	1.796880
39.480	1.816410
39.490	1.835940
39.500	1.855470
39.510	1.855470
39.520	1.855470
39.530	1.855470
39.540	1.855470
39.550	1.855470
39.560	1.855470
39.570	1.855470
39.580	1.855470
39.590	1.855470
39.600	1.855470
39.610	1.855470
39.620	1.855470
39.630	1.855470
39.640	1.816410
39.650	1.816410
39.660	1.801760
39.670	1.787110
39.680	1.757810
39.690	1.748050
39.700	1.743160
39.710	1.718750
39.720	1.704100
39.730	1.704100
39.740	1.704100
39.750	1.704100
39.760	1.704100
39.770	1.699220
39.780	1.694340
39.790	1.684570
39.800	1.684570
39.810	1.684570
39.820	1.684570
39.830	1.684570
39.840	1.684570
39.850	1.684570
39.860	1.684570
39.870	1.684570
39.880	1.684570
39.890	1.684570
39.900	1.684570
39.910	1.708980
39.920	1.708980
39.930	1.708980
39.940	1.708980
39.950	1.708980
39.960	1.708980
39.970	1.708980
39.980	1.708980
39.990	1.708980
40.000	1.708980
