# time_in_ns	dG_in_kT
0.000	0.000000
0.010	10.000000
0.020	10.000000
0.030	10.000000
0.040	40.000000
0.050	40.000000
0.060	40.000000
0.070	40.000000
0.080	40.000000
0.090	40.000000
0.100	40.000000
0.110	40.000000
0.120	10.000000
0.130	0.000000
0.140	0.000000
0.150	0.000000
0.160	0.000000
0.170	0.000000
0.180	0.000000
0.190	0.000000
0.200	0.000000
0.210	0.000000
0.220	0.000000
0.230	-30.000000
0.240	-60.000000
0.250	-90.000000
0.260	-90.000000
0.270	-90.000000
0.280	-90.000000
0.290	-90.000000
0.300	-90.000000
0.310	-90.000000
0.320	-90.000000
0.330	-90.000000
0.340	-90.000000
0.350	-30.000000
0.360	-10.000000
0.370	-10.000000
0.380	-10.000000
0.390	-10.000000
0.400	-10.000000
0.410	-10.000000
0.420	-10.000000
0.430	-5.000000
0.440	5.000000
0.450	5.000000
0.460	5.000000
0.470	5.000000
0.480	5.000000
0.490	5.000000
0.500	5.000000
0.510	5.000000
0.520	10.000000
0.530	40.000000
0.540	40.000000
0.550	40.000000
0.560	50.000000
0.570	75.000000
0.580	75.000000
0.590	75.000000
0.600	75.000000
0.610	75.000000
0.620	75.000000
0.630	75.000000
0.640	75.000000
0.650	75.000000
0.660	55.000000
0.670	45.000000
0.680	45.000000
0.690	45.000000
0.700	45.000000
0.710	45.000000
0.720	45.000000
0.730	45.000000
0.740	40.000000
0.750	-10.000000
0.760	-10.000000
0.770	-10.000000
0.780	-10.000000
0.790	-10.000000
0.800	-10.000000
0.810	-10.000000
0.820	-10.000000
0.830	-45.000000
0.840	-45.000000
0.850	-45.000000
0.860	-45.000000
0.870	-45.000000
0.880	-45.000000
0.890	-45.000000
0.900	-45.000000
0.910	-45.000000
0.920	-45.000000
0.930	-70.000000
0.940	-70.000000
0.950	-70.000000
0.960	-70.000000
0.970	-70.000000
0.980	-70.000000
0.990	-70.000000
1.000	-70.000000
1.010	-70.000000
1.020	-70.000000
1.030	-62.500000
1.040	-45.000000
1.050	-40.000000
1.060	-40.000000
1.070	-40.000000
1.080	-40.000000
1.090	-40.000000
1.100	-40.000000
1.110	-30.000000
1.120	-30.000000
1.130	-20.000000
1.140	-20.000000
1.150	-20.000000
1.160	-20.000000
1.170	-10.000000
1.180	-10.000000
1.190	-10.000000
1.200	-10.000000
1.210	-10.000000
1.220	0.000000
1.230	15.000000
1.240	20.000000
1.250	20.000000
1.260	20.000000
1.270	20.000000
1.280	20.000000
1.290	20.000000
1.300	20.000000
1.310	20.000000
1.320	20.000000
1.330	20.000000
1.340	20.000000
1.350	20.000000
1.360	20.000000
1.370	20.000000
1.380	20.000000
1.390	7.500000
1.400	5.000000
1.410	5.000000
1.420	5.000000
1.430	5.000000
1.440	5.000000
1.450	-12.500000
1.460	-12.500000
1.470	-12.500000
1.480	-12.500000
1.490	-12.500000
1.500	-12.500000
1.510	-12.500000
1.520	-12.500000
1.530	-12.500000
1.540	-10.000000
1.550	-2.500000
1.560	-2.500000
1.570	-2.500000
1.580	-2.500000
1.590	-2.500000
1.600	-2.500000
1.610	-2.500000
1.620	-2.500000
1.630	-2.500000
1.640	-2.500000
1.650	-2.500000
1.660	7.500000
1.670	7.500000
1.680	7.500000
1.690	15.000000
1.700	15.000000
1.710	15.000000
1.720	15.000000
1.730	15.000000
1.740	15.000000
1.750	15.000000
1.760	15.000000
1.770	15.000000
1.780	25.000000
1.790	42.500000
1.800	42.500000
1.810	42.500000
1.820	42.500000
1.830	42.500000
1.840	42.500000
1.850	42.500000
1.860	22.500000
1.870	5.000000
1.880	5.000000
1.890	5.000000
1.900	5.000000
1.910	0.000000
1.920	0.000000
1.930	0.000000
1.940	0.000000
1.950	0.000000
1.960	0.000000
1.970	0.000000
1.980	0.000000
1.990	0.000000
2.000	0.000000
2.010	0.000000
2.020	0.000000
2.030	-7.500000
2.040	-10.000000
2.050	-10.000000
2.060	-10.000000
2.070	-10.000000
2.080	-10.000000
2.090	-10.000000
2.100	-10.000000
2.110	-10.000000
2.120	-10.000000
2.130	-10.000000
2.140	-10.000000
2.150	-10.000000
2.160	-10.000000
2.170	-10.000000
2.180	-1.250000
2.190	3.750000
2.200	6.250000
2.210	6.250000
2.220	6.250000
2.230	6.250000
2.240	6.250000
2.250	6.250000
2.260	6.250000
2.270	6.250000
2.280	6.250000
2.290	6.250000
2.300	6.250000
2.310	6.250000
2.320	6.250000
2.330	6.250000
2.340	6.250000
2.350	6.250000
2.360	6.250000
2.370	6.250000
2.380	6.250000
2.390	10.000000
2.400	10.000000
2.410	10.000000
2.420	10.000000
2.430	12.500000
2.440	16.250000
2.450	22.500000
2.460	22.500000
2.470	22.500000
2.480	22.500000
2.490	22.500000
2.500	22.500000
2.510	18.750000
2.520	8.750000
2.530	8.750000
2.540	8.750000
2.550	8.750000
2.560	8.750000
2.570	1.250000
2.580	-1.250000
2.590	-1.250000
2.600	-1.250000
2.610	-1.250000
2.620	-1.250000
2.630	-1.250000
2.640	1.250000
2.650	1.250000
2.660	1.250000
2.670	1.250000
2.680	1.250000
2.690	1.250000
2.700	1.250000
2.710	8.750000
2.720	10.000000
2.730	15.000000
2.740	15.000000
2.750	15.000000
2.760	15.000000
2.770	15.000000
2.780	15.000000
2.790	15.000000
2.800	15.000000
2.810	15.000000
2.820	15.000000
2.830	15.000000
2.840	15.000000
2.850	15.000000
2.860	15.000000
2.870	15.000000
2.880	15.000000
2.890	15.000000
2.900	15.000000
2.910	15.000000
2.920	15.000000
2.930	11.250000
2.940	7.500000
2.950	7.500000
2.960	5.000000
2.970	-2.500000
2.980	-2.500000
2.990	-2.500000
3.000	-2.500000
3.010	-2.500000
3.020	-2.500000
3.030	-2.500000
3.040	-2.500000
3.050	-2.500000
3.060	-3.750000
3.070	-3.750000
3.080	-3.750000
3.090	-3.750000
3.100	-3.750000
3.110	-3.750000
3.120	-3.750000
3.130	-3.750000
3.140	-3.750000
3.150	-3.750000
3.160	-3.750000
3.170	-3.750000
3.180	-3.750000
3.190	0.000000
3.200	1.875000
3.210	3.750000
3.220	3.750000
3.230	5.000000
3.240	8.125000
3.250	11.250000
3.260	11.250000
3.270	11.250000
3.280	11.250000
3.290	11.250000
3.300	11.250000
3.310	11.250000
3.320	11.250000
3.330	11.250000
3.340	11.250000
3.350	11.250000
3.360	11.250000
3.370	11.250000
3.380	11.250000
3.390	11.250000
3.400	11.250000
3.410	11.250000
3.420	11.875000
3.430	12.500000
3.440	12.500000
3.450	12.500000
3.460	12.500000
3.470	12.500000
3.480	12.500000
3.490	12.500000
3.500	10.625000
3.510	8.125000
3.520	5.625000
3.530	5.625000
3.540	5.625000
3.550	5.625000
3.560	5.625000
3.570	5.625000
3.580	5.625000
3.590	5.625000
3.600	5.625000
3.610	5.625000
3.620	5.625000
3.630	5.625000
3.640	5.625000
3.650	5.625000
3.660	4.375000
3.670	-0.625000
3.680	-2.500000
3.690	-2.500000
3.700	-2.500000
3.710	-2.500000
3.720	-2.500000
3.730	-2.500000
3.740	-3.750000
3.750	-5.000000
3.760	-5.000000
3.770	-5.000000
3.780	-5.000000
3.790	-5.000000
3.800	-5.000000
3.810	-5.000000
3.820	-5.000000
3.830	-5.000000
3.840	-5.000000
3.850	-5.000000
3.860	-5.000000
3.870	-3.125000
3.880	-1.875000
3.890	-1.875000
3.900	-1.250000
3.910	1.875000
3.920	1.875000
3.930	1.875000
3.940	1.875000
3.950	1.875000
3.960	1.875000
3.970	1.875000
3.980	1.875000
3.990	1.875000
4.000	1.875000
4.010	1.875000
4.020	1.875000
4.030	1.875000
4.040	1.875000
4.050	1.875000
4.060	1.875000
4.070	1.875000
4.080	1.875000
4.090	1.875000
4.100	1.875000
4.110	1.875000
4.120	1.875000
4.130	3.125000
4.140	3.125000
4.150	5.625000
4.160	5.625000
4.170	6.250000
4.180	6.875000
4.190	8.125000
4.200	8.125000
4.210	8.125000
4.220	8.125000
4.230	8.125000
4.240	8.125000
4.250	8.125000
4.260	8.125000
4.270	8.125000
4.280	8.125000
4.290	8.125000
4.300	8.125000
4.310	8.125000
4.320	8.125000
4.330	8.125000
4.340	8.125000
4.350	8.125000
4.360	8.125000
4.370	8.125000
4.380	8.125000
4.390	8.125000
4.400	8.125000
4.410	8.125000
4.420	8.125000
4.430	8.125000
4.440	6.875000
4.450	6.562500
4.460	5.312500
4.470	3.750000
4.480	3.750000
4.490	3.750000
4.500	2.812500
4.510	2.812500
4.520	2.812500
4.530	2.812500
4.540	2.812500
4.550	2.812500
4.560	2.812500
4.570	2.812500
4.580	1.562500
4.590	0.625000
4.600	0.000000
4.610	-0.937500
4.620	-0.937500
4.630	-0.937500
4.640	-0.937500
4.650	-0.937500
4.660	-0.937500
4.670	-0.937500
4.680	-0.937500
4.690	-0.937500
4.700	-0.937500
4.710	-0.937500
4.720	-0.937500
4.730	-0.937500
4.740	-0.937500
4.750	-0.937500
4.760	-0.937500
4.770	-0.937500
4.780	-0.937500
4.790	0.000000
4.800	1.562500
4.810	3.437500
4.820	3.437500
4.830	3.437500
4.840	4.062500
4.850	4.062500
4.860	5.312500
4.870	7.500000
4.880	7.500000
4.890	7.500000
4.900	7.500000
4.910	7.500000
4.920	7.500000
4.930	7.500000
4.940	7.500000
4.950	7.500000
4.960	7.500000
4.970	7.500000
4.980	7.500000
4.990	7.500000
5.000	7.500000
5.010	7.500000
5.020	7.500000
5.030	7.500000
5.040	7.500000
5.050	7.500000
5.060	7.500000
5.070	7.500000
5.080	7.812500
5.090	8.906250
5.100	9.218750
5.110	9.218750
5.120	9.218750
5.130	9.218750
5.140	9.218750
5.150	9.218750
5.160	9.218750
5.170	9.218750
5.180	8.750000
5.190	7.656250
5.200	7.500000
5.210	7.500000
5.220	7.343750
5.230	7.343750
5.240	7.343750
5.250	7.343750
5.260	7.343750
5.270	7.343750
5.280	7.343750
5.290	7.343750
5.300	7.343750
5.310	7.343750
5.320	7.343750
5.330	7.343750
5.340	7.343750
5.350	7.343750
5.360	7.343750
5.370	7.343750
5.380	7.343750
5.390	7.343750
5.400	7.343750
5.410	7.343750
5.420	7.031250
5.430	6.406250
5.440	5.781250
5.450	5.156250
5.460	5.000000
5.470	5.000000
5.480	5.000000
5.490	5.000000
5.500	5.000000
5.510	5.000000
5.520	5.000000
5.530	5.000000
5.540	5.000000
5.550	5.000000
5.560	5.000000
5.570	5.000000
5.580	5.000000
5.590	5.000000
5.600	5.000000
5.610	5.000000
5.620	5.625000
5.630	6.093750
5.640	6.875000
5.650	7.343750
5.660	7.343750
5.670	7.343750
5.680	7.343750
5.690	7.343750
5.700	7.343750
5.710	7.343750
5.720	7.343750
5.730	7.343750
5.740	7.343750
5.750	7.343750
5.760	7.343750
5.770	7.343750
5.780	7.343750
5.790	7.343750
5.800	7.343750
5.810	7.031250
5.820	7.031250
5.830	7.031250
5.840	6.718750
5.850	6.484380
5.860	6.484380
5.870	6.406250
5.880	6.328120
5.890	6.328120
5.900	6.250000
5.910	6.250000
5.920	6.250000
5.930	6.250000
5.940	6.250000
5.950	6.250000
5.960	6.250000
5.970	6.250000
5.980	6.250000
5.990	6.250000
6.000	6.250000
6.010	6.250000
6.020	6.250000
6.030	6.250000
6.040	5.859380
6.050	5.078120
6.060	4.843750
6.070	4.843750
6.080	4.296880
6.090	3.984380
6.100	3.593750
6.110	3.593750
6.120	3.593750
6.130	3.593750
6.140	3.593750
6.150	3.593750
6.160	3.593750
6.170	3.593750
6.180	3.593750
6.190	3.593750
6.200	3.593750
6.210	3.593750
6.220	3.593750
6.230	3.593750
6.240	3.593750
6.250	3.281250
6.260	3.281250
6.270	3.281250
6.280	3.281250
6.290	3.281250
6.300	3.281250
6.310	3.281250
6.320	3.281250
6.330	3.281250
6.340	3.281250
6.350	3.281250
6.360	3.281250
6.370	2.812500
6.380	2.734380
6.390	2.734380
6.400	2.734380
6.410	2.734380
6.420	2.734380
6.430	2.734380
6.440	2.734380
6.450	2.734380
6.460	2.734380
6.470	2.734380
6.480	2.734380
6.490	2.734380
6.500	2.734380
6.510	2.734380
6.520	2.734380
6.530	2.734380
6.540	2.734380
6.550	2.734380
6.560	2.734380
6.570	2.734380
6.580	2.734380
6.590	2.734380
6.600	2.734380
6.610	2.734380
6.620	2.734380
6.630	2.734380
6.640	2.734380
6.650	2.734380
6.660	2.734380
6.670	2.734380
6.680	2.734380
6.690	2.734380
6.700	2.734380
6.710	2.734380
6.720	2.734380
6.730	2.890620
6.740	3.125000
6.750	3.359380
6.760	3.359380
6.770	3.359380
6.780	3.359380
6.790	3.359380
6.800	3.359380
6.810	3.359380
6.820	3.359380
6.830	3.359380
6.840	3.359380
6.850	3.359380
6.860	3.359380
6.870	3.359380
6.880	3.359380
6.890	3.359380
6.900	3.125000
6.910	2.421880
6.920	2.187500
6.930	1.640620
6.940	1.562500
6.950	1.562500
6.960	1.562500
6.970	1.562500
6.980	1.562500
6.990	1.562500
7.000	1.562500
7.010	1.562500
7.020	1.484380
7.030	1.328120
7.040	1.171880
7.050	0.937500
7.060	0.546880
7.070	0.156250
7.080	0.000000
7.090	0.000000
7.100	0.000000
7.110	-0.156250
7.120	-0.625000
7.130	-0.859380
7.140	-0.859380
7.150	-0.859380
7.160	-0.859380
7.170	-0.859380
7.180	-0.859380
7.190	-0.859380
7.200	-0.859380
7.210	-0.859380
7.220	-0.859380
7.230	-0.859380
7.240	-0.859380
7.250	-0.859380
7.260	-0.859380
7.270	-0.859380
7.280	-0.859380
7.290	-0.859380
7.300	-0.859380
7.310	-0.859380
7.320	-0.859380
7.330	-0.859380
7.340	-1.015620
7.350	-1.015620
7.360	-1.015620
7.370	-1.015620
7.380	-1.015620
7.390	-1.015620
7.400	-1.015620
7.410	-1.015620
7.420	-1.015620
7.430	-1.015620
7.440	-1.015620
7.450	-1.015620
7.460	-1.015620
7.470	-1.015620
7.480	-1.093750
7.490	-1.093750
7.500	-1.093750
7.510	-1.093750
7.520	-1.093750
7.530	-1.093750
7.540	-1.250000
7.550	-1.562500
7.560	-1.953120
7.570	-2.421880
7.580	-2.578120
7.590	-2.578120
7.600	-2.578120
7.610	-2.578120
7.620	-2.578120
7.630	-2.578120
7.640	-2.578120
7.650	-2.578120
7.660	-2.578120
7.670	-2.578120
7.680	-2.578120
7.690	-2.578120
7.700	-2.578120
7.710	-2.578120
7.720	-2.578120
7.730	-2.578120
7.740	-2.578120
7.750	-2.578120
7.760	-2.578120
7.770	-2.578120
7.780	-2.578120
7.790	-2.578120
7.800	-2.578120
7.810	-2.578120
7.820	-2.578120
7.830	-2.578120
7.840	-2.578120
7.850	-2.578120
7.860	-2.421880
7.870	-2.109380
7.880	-1.875000
7.890	-1.484380
7.900	-1.484380
7.910	-1.484380
7.920	-1.015620
7.930	-0.625000
7.940	-0.625000
7.950	-0.625000
7.960	-0.625000
7.970	-0.625000
7.980	-0.625000
7.990	-0.625000
8.000	-0.625000
8.010	-0.625000
8.020	-0.625000
8.030	-0.625000
8.040	-0.625000
8.050	-0.625000
8.060	-0.625000
8.070	-0.625000
8.080	-0.625000
8.090	-0.625000
8.100	-0.390620
8.110	-0.312500
8.120	-0.312500
8.130	-0.312500
8.140	-0.312500
8.150	-0.156250
8.160	0.234380
8.170	0.390620
8.180	0.468750
8.190	0.781250
8.200	1.328120
8.210	2.031250
8.220	2.500000
8.230	2.500000
8.240	2.500000
8.250	2.812500
8.260	2.890620
8.270	2.890620
8.280	2.890620
8.290	3.046880
8.300	3.593750
8.310	3.593750
8.320	3.593750
8.330	3.593750
8.340	3.593750
8.350	3.593750
8.360	3.593750
8.370	3.593750
8.380	3.593750
8.390	3.671880
8.400	3.906250
8.410	3.906250
8.420	3.906250
8.430	3.906250
8.440	3.906250
8.450	3.906250
8.460	4.062500
8.470	4.140620
8.480	4.296880
8.490	4.296880
8.500	4.296880
8.510	4.296880
8.520	4.296880
8.530	4.296880
8.540	4.296880
8.550	4.296880
8.560	4.296880
8.570	4.296880
8.580	4.296880
8.590	4.296880
8.600	4.296880
8.610	4.296880
8.620	4.296880
8.630	4.296880
8.640	4.296880
8.650	4.296880
8.660	4.296880
8.670	4.296880
8.680	4.296880
8.690	4.296880
8.700	4.296880
8.710	4.296880
8.720	4.296880
8.730	4.296880
8.740	4.414060
8.750	4.570310
8.760	4.570310
8.770	4.687500
8.780	4.726560
8.790	4.726560
8.800	4.726560
8.810	4.726560
8.820	4.726560
8.830	4.726560
8.840	4.726560
8.850	4.726560
8.860	4.726560
8.870	4.726560
8.880	4.726560
8.890	4.726560
8.900	4.726560
8.910	4.726560
8.920	4.726560
8.930	4.726560
8.940	4.726560
8.950	4.726560
8.960	4.726560
8.970	4.726560
8.980	4.726560
8.990	4.726560
9.000	4.726560
9.010	4.687500
9.020	4.609380
9.030	4.375000
9.040	4.140620
9.050	3.867190
9.060	3.828120
9.070	3.828120
9.080	3.828120
9.090	3.828120
9.100	3.828120
9.110	3.828120
9.120	3.632810
9.130	3.515620
9.140	3.476560
9.150	3.476560
9.160	3.281250
9.170	3.281250
9.180	3.281250
9.190	3.125000
9.200	2.929690
9.210	2.890620
9.220	2.890620
9.230	2.773440
9.240	2.578120
9.250	2.421880
9.260	2.226560
9.270	2.148440
9.280	2.070310
9.290	2.031250
9.300	2.031250
9.310	2.031250
9.320	2.031250
9.330	2.031250
9.340	2.031250
9.350	2.031250
9.360	2.031250
9.370	2.031250
9.380	1.992190
9.390	1.992190
9.400	1.992190
9.410	1.992190
9.420	1.992190
9.430	1.992190
9.440	1.992190
9.450	1.992190
9.460	1.835940
9.470	1.679690
9.480	1.562500
9.490	1.445310
9.500	1.328120
9.510	1.328120
9.520	1.328120
9.530	1.328120
9.540	1.171880
9.550	1.171880
9.560	1.171880
9.570	1.171880
9.580	1.171880
9.590	1.171880
9.600	1.171880
9.610	1.171880
9.620	1.171880
9.630	1.171880
9.640	1.171880
9.650	1.171880
9.660	1.171880
9.670	1.171880
9.680	1.171880
9.690	0.937500
9.700	0.820310
9.710	0.546880
9.720	0.468750
9.730	0.429690
9.740	0.234380
9.750	0.000000
9.760	0.000000
9.770	0.000000
9.780	0.000000
9.790	0.000000
9.800	0.000000
9.810	0.000000
9.820	0.000000
9.830	-0.078120
9.840	-0.078120
9.850	-0.078120
9.860	-0.078120
9.870	-0.078120
9.880	-0.078120
9.890	-0.078120
9.900	-0.078120
9.910	-0.078120
9.920	-0.078120
9.930	-0.156250
9.940	-0.468750
9.950	-0.625000
9.960	-0.742190
9.970	-0.742190
9.980	-0.976560
9.990	-0.976560
10.000	-1.093750
10.010	-1.093750
10.020	-1.093750
10.030	-1.093750
10.040	-1.093750
10.050	-1.093750
10.060	-1.093750
10.070	-1.093750
10.080	-1.093750
10.090	-1.093750
10.100	-1.093750
10.110	-1.093750
10.120	-1.093750
10.130	-1.093750
10.140	-1.093750
10.150	-1.093750
10.160	-1.093750
10.170	-1.093750
10.180	-1.093750
10.190	-1.093750
10.200	-1.093750
10.210	-1.093750
10.220	-1.093750
10.230	-1.093750
10.240	-1.093750
10.250	-1.093750
10.260	-1.093750
10.270	-1.093750
10.280	-1.093750
10.290	-1.093750
10.300	-1.093750
10.310	-1.093750
10.320	-1.093750
10.330	-0.859380
10.340	-0.585940
10.350	-0.585940
10.360	-0.585940
10.370	-0.390620
10.380	-0.234380
10.390	-0.195310
10.400	-0.195310
10.410	-0.195310
10.420	-0.195310
10.430	-0.195310
10.440	-0.195310
10.450	-0.195310
10.460	-0.195310
10.470	-0.195310
10.480	-0.195310
10.490	-0.195310
10.500	-0.195310
10.510	-0.195310
10.520	-0.195310
10.530	-0.195310
10.540	-0.195310
10.550	-0.195310
10.560	-0.195310
10.570	-0.195310
10.580	-0.195310
10.590	-0.195310
10.600	-0.195310
10.610	-0.195310
10.620	-0.195310
10.630	-0.195310
10.640	-0.234380
10.650	-0.429690
10.660	-0.546880
10.670	-0.546880
10.680	-0.546880
10.690	-0.625000
10.700	-0.703120
10.710	-0.859380
10.720	-1.132810
10.730	-1.210940
10.740	-1.210940
10.750	-1.210940
10.760	-1.210940
10.770	-1.210940
10.780	-1.289060
10.790	-1.289060
10.800	-1.289060
10.810	-1.289060
10.820	-1.289060
10.830	-1.289060
10.840	-1.289060
10.850	-1.289060
10.860	-1.289060
10.870	-1.328120
10.880	-1.328120
10.890	-1.328120
10.900	-1.328120
10.910	-1.445310
10.920	-1.718750
10.930	-2.031250
10.940	-2.187500
10.950	-2.187500
10.960	-2.226560
10.970	-2.265620
10.980	-2.382810
10.990	-2.382810
11.000	-2.382810
11.010	-2.382810
11.020	-2.382810
11.030	-2.382810
11.040	-2.382810
11.050	-2.382810
11.060	-2.382810
11.070	-2.382810
11.080	-2.382810
11.090	-2.382810
11.100	-2.500000
11.110	-2.578120
11.120	-2.656250
11.130	-2.734380
11.140	-2.734380
11.150	-2.734380
11.160	-2.734380
11.170	-2.734380
11.180	-2.734380
11.190	-2.734380
11.200	-2.734380
11.210	-2.734380
11.220	-2.734380
11.230	-2.734380
11.240	-2.734380
11.250	-2.734380
11.260	-2.734380
11.270	-2.734380
11.280	-2.734380
11.290	-2.734380
11.300	-2.734380
11.310	-2.734380
11.320	-2.734380
11.330	-2.734380
11.340	-2.734380
11.350	-2.734380
11.360	-2.734380
11.370	-2.734380
11.380	-2.734380
11.390	-2.734380
11.400	-2.734380
11.410	-2.734380
11.420	-2.734380
11.430	-2.734380
11.440	-2.734380
11.450	-2.734380
11.460	-2.734380
11.470	-2.734380
11.480	-2.734380
11.490	-2.734380
11.500	-2.734380
11.510	-2.734380
11.520	-2.734380
11.530	-2.734380
11.540	-2.734380
11.550	-2.734380
11.560	-2.734380
11.570	-2.734380
11.580	-2.734380
11.590	-2.695310
11.600	-2.617190
11.610	-2.617190
11.620	-2.617190
11.630	-2.617190
11.640	-2.617190
11.650	-2.617190
11.660	-2.617190
11.670	-2.617190
11.680	-2.734380
11.690	-2.968750
11.700	-3.203120
11.710	-3.398440
11.720	-3.398440
11.730	-3.398440
11.740	-3.398440
11.750	-3.398440
11.760	-3.398440
11.770	-3.398440
11.780	-3.398440
11.790	-3.398440
11.800	-3.398440
11.810	-3.398440
11.820	-3.398440
11.830	-3.398440
11.840	-3.398440
11.850	-3.398440
11.860	-3.398440
11.870	-3.398440
11.880	-3.398440
11.890	-3.398440
11.900	-3.398440
11.910	-3.398440
11.920	-3.398440
11.930	-3.398440
11.940	-3.398440
11.950	-3.398440
11.960	-3.398440
11.970	-3.398440
11.980	-3.398440
11.990	-3.398440
12.000	-3.398440
12.010	-3.398440
12.020	-3.398440
12.030	-3.398440
12.040	-3.398440
12.050	-3.398440
12.060	-3.398440
12.070	-3.398440
12.080	-3.398440
12.090	-3.398440
12.100	-3.398440
12.110	-3.398440
12.120	-3.398440
12.130	-3.398440
12.140	-3.398440
12.150	-3.398440
12.160	-3.398440
12.170	-3.398440
12.180	-3.398440
12.190	-3.398440
12.200	-3.398440
12.210	-3.398440
12.220	-3.398440
12.230	-3.398440
12.240	-3.398440
12.250	-3.398440
12.260	-3.398440
12.270	-3.398440
12.280	-3.359380
12.290	-3.359380
12.300	-3.359380
12.310	-3.359380
12.320	-3.320310
12.330	-2.968750
12.340	-2.812500
12.350	-2.812500
12.360	-2.812500
12.370	-2.812500
12.380	-2.812500
12.390	-2.812500
12.400	-2.812500
12.410	-2.812500
12.420	-2.812500
12.430	-2.812500
12.440	-2.500000
12.450	-2.460940
12.460	-2.460940
12.470	-2.382810
12.480	-2.226560
12.490	-1.992190
12.500	-1.718750
12.510	-1.601560
12.520	-1.484380
12.530	-1.210940
12.540	-1.054690
12.550	-0.742190
12.560	-0.507810
12.570	-0.390620
12.580	-0.195310
12.590	0.000000
12.600	0.117190
12.610	0.234380
12.620	0.507810
12.630	0.585940
12.640	0.742190
12.650	1.015620
12.660	1.289060
12.670	1.328120
12.680	1.406250
12.690	1.484380
12.700	1.679690
12.710	1.679690
12.720	1.679690
12.730	1.796880
12.740	1.953120
12.750	2.226560
12.760	2.382810
12.770	2.656250
12.780	2.656250
12.790	2.656250
12.800	2.714840
12.810	2.734380
12.820	2.734380
12.830	2.734380
12.840	2.910160
12.850	3.046880
12.860	3.085940
12.870	3.105470
12.880	3.164060
12.890	3.281250
12.900	3.281250
12.910	3.281250
12.920	3.378910
12.930	3.457030
12.940	3.535160
12.950	3.535160
12.960	3.535160
12.970	3.554690
12.980	3.632810
12.990	3.671880
13.000	3.710940
13.010	3.710940
13.020	3.710940
13.030	3.730470
13.040	3.769530
13.050	3.886720
13.060	4.023440
13.070	4.042970
13.080	4.082030
13.090	4.082030
13.100	4.160160
13.110	4.257810
13.120	4.277340
13.130	4.277340
13.140	4.277340
13.150	4.277340
13.160	4.277340
13.170	4.277340
13.180	4.277340
13.190	4.277340
13.200	4.277340
13.210	4.277340
13.220	4.277340
13.230	4.277340
13.240	4.277340
13.250	4.277340
13.260	4.277340
13.270	4.277340
13.280	4.277340
13.290	4.277340
13.300	4.277340
13.310	4.277340
13.320	4.277340
13.330	4.277340
13.340	4.277340
13.350	4.277340
13.360	4.238280
13.370	4.238280
13.380	4.238280
13.390	4.238280
13.400	4.238280
13.410	4.238280
13.420	4.238280
13.430	4.238280
13.440	4.238280
13.450	4.238280
13.460	4.238280
13.470	4.238280
13.480	4.238280
13.490	4.238280
13.500	4.238280
13.510	4.238280
13.520	4.238280
13.530	4.238280
13.540	4.238280
13.550	4.238280
13.560	4.238280
13.570	4.238280
13.580	4.238280
13.590	4.238280
13.600	4.238280
13.610	4.238280
13.620	4.238280
13.630	4.238280
13.640	4.238280
13.650	4.238280
13.660	4.238280
13.670	4.238280
13.680	4.238280
13.690	4.238280
13.700	4.238280
13.710	4.238280
13.720	4.238280
13.730	4.238280
13.740	4.238280
13.750	4.238280
13.760	4.238280
13.770	4.238280
13.780	4.238280
13.790	4.238280
13.800	4.238280
13.810	4.238280
13.820	4.238280
13.830	4.238280
13.840	4.238280
13.850	4.238280
13.860	4.238280
13.870	4.238280
13.880	4.238280
13.890	4.238280
13.900	4.238280
13.910	4.238280
13.920	4.238280
13.930	4.238280
13.940	4.238280
13.950	4.238280
13.960	4.238280
13.970	4.238280
13.980	4.238280
13.990	4.238280
14.000	4.238280
14.010	4.238280
14.020	4.238280
14.030	4.238280
14.040	4.238280
14.050	4.238280
14.060	4.238280
14.070	4.238280
14.080	4.238280
14.090	4.238280
14.100	4.238280
14.110	4.238280
14.120	4.238280
14.130	4.238280
14.140	4.238280
14.150	4.238280
14.160	4.238280
14.170	4.238280
14.180	4.238280
14.190	4.238280
14.200	4.238280
14.210	4.238280
14.220	4.238280
14.230	4.238280
14.240	4.238280
14.250	4.238280
14.260	4.238280
14.270	4.238280
14.280	4.238280
14.290	4.238280
14.300	4.238280
14.310	4.238280
14.320	4.238280
14.330	4.238280
14.340	4.238280
14.350	4.238280
14.360	4.238280
14.370	4.238280
14.380	4.238280
14.390	4.238280
14.400	4.238280
14.410	4.238280
14.420	4.238280
14.430	4.238280
14.440	4.238280
14.450	4.238280
14.460	4.238280
14.470	4.238280
14.480	4.238280
14.490	4.238280
14.500	4.238280
14.510	4.238280
14.520	4.238280
14.530	4.238280
14.540	4.238280
14.550	4.238280
14.560	4.238280
14.570	4.238280
14.580	4.238280
14.590	4.238280
14.600	4.238280
14.610	4.238280
14.620	4.238280
14.630	4.238280
14.640	4.238280
14.650	4.199220
14.660	4.199220
14.670	4.199220
14.680	4.199220
14.690	4.199220
14.700	4.199220
14.710	4.199220
14.720	4.199220
14.730	4.199220
14.740	4.199220
14.750	4.199220
14.760	4.199220
14.770	4.199220
14.780	4.199220
14.790	4.199220
14.800	4.199220
14.810	4.199220
14.820	4.199220
14.830	4.199220
14.840	4.199220
14.850	4.199220
14.860	4.199220
14.870	4.199220
14.880	4.199220
14.890	4.199220
14.900	4.199220
14.910	4.199220
14.920	4.199220
14.930	4.199220
14.940	4.199220
14.950	4.199220
14.960	4.199220
14.970	4.199220
14.980	4.199220
14.990	4.199220
15.000	4.199220
15.010	4.199220
15.020	4.199220
15.030	4.199220
15.040	4.199220
15.050	4.199220
15.060	4.199220
15.070	4.199220
15.080	4.199220
15.090	4.199220
15.100	4.199220
15.110	4.199220
15.120	4.199220
15.130	4.199220
15.140	4.199220
15.150	4.199220
15.160	4.199220
15.170	4.238280
15.180	4.238280
15.190	4.238280
15.200	4.238280
15.210	4.238280
15.220	4.238280
15.230	4.238280
15.240	4.238280
15.250	4.238280
15.260	4.238280
15.270	4.238280
15.280	4.238280
15.290	4.238280
15.300	4.238280
15.310	4.238280
15.320	4.238280
15.330	4.238280
15.340	4.238280
15.350	4.140620
15.360	4.121090
15.370	4.121090
15.380	4.121090
15.390	4.121090
15.400	4.121090
15.410	4.121090
15.420	4.121090
15.430	4.121090
15.440	4.121090
15.450	4.121090
15.460	4.121090
15.470	4.121090
15.480	4.042970
15.490	3.984380
15.500	3.925780
15.510	3.789060
15.520	3.593750
15.530	3.535160
15.540	3.535160
15.550	3.476560
15.560	3.378910
15.570	3.261720
15.580	3.222660
15.590	3.222660
15.600	3.222660
15.610	3.222660
15.620	3.222660
15.630	3.222660
15.640	3.222660
15.650	3.222660
15.660	3.105470
15.670	2.949220
15.680	2.949220
15.690	2.949220
15.700	2.949220
15.710	2.949220
15.720	2.949220
15.730	2.949220
15.740	2.949220
15.750	2.949220
15.760	2.949220
15.770	2.949220
15.780	2.949220
15.790	2.949220
15.800	2.949220
15.810	2.949220
15.820	2.949220
15.830	2.949220
15.840	2.949220
15.850	2.949220
15.860	2.949220
15.870	2.949220
15.880	2.910160
15.890	2.832030
15.900	2.812500
15.910	2.812500
15.920	2.753910
15.930	2.695310
15.940	2.597660
15.950	2.519530
15.960	2.519530
15.970	2.519530
15.980	2.519530
15.990	2.519530
16.000	2.519530
16.010	2.519530
16.020	2.519530
16.030	2.519530
16.040	2.519530
16.050	2.519530
16.060	2.519530
16.070	2.519530
16.080	2.519530
16.090	2.519530
16.100	2.519530
16.110	2.519530
16.120	2.519530
16.130	2.519530
16.140	2.519530
16.150	2.519530
16.160	2.519530
16.170	2.519530
16.180	2.519530
16.190	2.519530
16.200	2.519530
16.210	2.519530
16.220	2.597660
16.230	2.714840
16.240	2.734380
16.250	2.734380
16.260	2.734380
16.270	2.734380
16.280	2.734380
16.290	2.734380
16.300	2.734380
16.310	2.734380
16.320	2.734380
16.330	2.792970
16.340	2.792970
16.350	2.792970
16.360	2.832030
16.370	2.832030
16.380	2.832030
16.390	2.832030
16.400	2.832030
16.410	2.832030
16.420	2.832030
16.430	2.832030
16.440	2.832030
16.450	2.832030
16.460	2.832030
16.470	2.832030
16.480	2.832030
16.490	2.832030
16.500	2.832030
16.510	2.832030
16.520	2.832030
16.530	2.832030
16.540	2.832030
16.550	2.832030
16.560	2.832030
16.570	2.695310
16.580	2.636720
16.590	2.636720
16.600	2.636720
16.610	2.636720
16.620	2.636720
16.630	2.636720
16.640	2.636720
16.650	2.636720
16.660	2.636720
16.670	2.636720
16.680	2.636720
16.690	2.636720
16.700	2.636720
16.710	2.636720
16.720	2.636720
16.730	2.636720
16.740	2.636720
16.750	2.636720
16.760	2.636720
16.770	2.636720
16.780	2.636720
16.790	2.636720
16.800	2.636720
16.810	2.636720
16.820	2.636720
16.830	2.636720
16.840	2.636720
16.850	2.636720
16.860	2.636720
16.870	2.636720
16.880	2.636720
16.890	2.636720
16.900	2.636720
16.910	2.636720
16.920	2.636720
16.930	2.636720
16.940	2.636720
16.950	2.636720
16.960	2.636720
16.970	2.636720
16.980	2.558590
16.990	2.539060
17.000	2.382810
17.010	2.324220
17.020	2.324220
17.030	2.304690
17.040	2.304690
17.050	2.304690
17.060	2.304690
17.070	2.304690
17.080	2.304690
17.090	2.304690
17.100	2.304690
17.110	2.304690
17.120	2.304690
17.130	2.304690
17.140	2.304690
17.150	2.304690
17.160	2.304690
17.170	2.304690
17.180	2.304690
17.190	2.304690
17.200	2.304690
17.210	2.304690
17.220	2.304690
17.230	2.304690
17.240	2.304690
17.250	2.304690
17.260	2.304690
17.270	2.304690
17.280	2.304690
17.290	2.304690
17.300	2.304690
17.310	2.304690
17.320	2.285160
17.330	2.285160
17.340	2.285160
17.350	2.207030
17.360	2.050780
17.370	2.011720
17.380	2.011720
17.390	2.011720
17.400	2.011720
17.410	1.992190
17.420	1.992190
17.430	1.992190
17.440	1.992190
17.450	1.992190
17.460	1.992190
17.470	1.992190
17.480	1.992190
17.490	1.992190
17.500	1.992190
17.510	1.992190
17.520	1.992190
17.530	1.992190
17.540	1.992190
17.550	1.992190
17.560	1.992190
17.570	1.992190
17.580	1.992190
17.590	1.992190
17.600	1.992190
17.610	1.992190
17.620	1.992190
17.630	1.992190
17.640	1.992190
17.650	1.992190
17.660	1.992190
17.670	1.992190
17.680	1.992190
17.690	1.992190
17.700	1.992190
17.710	1.992190
17.720	1.992190
17.730	1.992190
17.740	1.992190
17.750	1.992190
17.760	1.992190
17.770	1.992190
17.780	1.992190
17.790	1.992190
17.800	1.992190
17.810	1.992190
17.820	1.992190
17.830	1.992190
17.840	1.992190
17.850	1.992190
17.860	2.050780
17.870	2.089840
17.880	2.089840
17.890	2.089840
17.900	2.089840
17.910	2.089840
17.920	2.089840
17.930	2.109380
17.940	2.109380
17.950	2.109380
17.960	2.109380
17.970	2.109380
17.980	2.109380
17.990	2.109380
18.000	2.070310
18.010	1.972660
18.020	1.972660
18.030	1.972660
18.040	1.972660
18.050	1.972660
18.060	1.972660
18.070	1.972660
18.080	1.875000
18.090	1.777340
18.100	1.718750
18.110	1.718750
18.120	1.718750
18.130	1.718750
18.140	1.718750
18.150	1.718750
18.160	1.640620
18.170	1.621090
18.180	1.562500
18.190	1.464840
18.200	1.328120
18.210	1.289060
18.220	1.289060
18.230	1.289060
18.240	1.289060
18.250	1.289060
18.260	1.289060
18.270	1.289060
18.280	1.289060
18.290	1.289060
18.300	1.289060
18.310	1.289060
18.320	1.289060
18.330	1.289060
18.340	1.289060
18.350	1.289060
18.360	1.289060
18.370	1.289060
18.380	1.289060
18.390	1.289060
18.400	1.289060
18.410	1.289060
18.420	1.289060
18.430	1.289060
18.440	1.289060
18.450	1.289060
18.460	1.289060
18.470	1.289060
18.480	1.289060
18.490	1.289060
18.500	1.289060
18.510	1.289060
18.520	1.289060
18.530	1.289060
18.540	1.289060
18.550	1.289060
18.560	1.289060
18.570	1.289060
18.580	1.289060
18.590	1.289060
18.600	1.289060
18.610	1.289060
18.620	1.289060
18.630	1.289060
18.640	1.289060
18.650	1.289060
18.660	1.210940
18.670	1.152340
18.680	1.093750
18.690	1.015620
18.700	1.015620
18.710	1.015620
18.720	1.015620
18.730	0.957030
18.740	0.957030
18.750	0.957030
18.760	0.957030
18.770	0.957030
18.780	0.957030
18.790	0.957030
18.800	0.957030
18.810	0.957030
18.820	0.957030
18.830	0.957030
18.840	0.957030
18.850	0.957030
18.860	0.957030
18.870	0.957030
18.880	0.957030
18.890	0.957030
18.900	0.957030
18.910	0.957030
18.920	0.957030
18.930	0.957030
18.940	0.957030
18.950	0.957030
18.960	0.957030
18.970	0.957030
18.980	0.976560
18.990	1.054690
19.000	1.113280
19.010	1.113280
19.020	1.113280
19.030	1.113280
19.040	1.152340
19.050	1.210940
19.060	1.210940
19.070	1.210940
19.080	1.210940
19.090	1.210940
19.100	1.210940
19.110	1.210940
19.120	1.210940
19.130	1.210940
19.140	1.210940
19.150	1.210940
19.160	1.210940
19.170	1.210940
19.180	1.210940
19.190	1.132810
19.200	1.113280
19.210	1.113280
19.220	1.113280
19.230	1.113280
19.240	1.113280
19.250	1.113280
19.260	1.093750
19.270	0.957030
19.280	0.917970
19.290	0.917970
19.300	0.917970
19.310	0.917970
19.320	0.917970
19.330	0.917970
19.340	0.917970
19.350	0.917970
19.360	0.917970
19.370	0.917970
19.380	0.917970
19.390	0.937500
19.400	0.937500
19.410	0.937500
19.420	0.937500
19.430	0.937500
19.440	0.937500
19.450	0.937500
19.460	0.937500
19.470	0.937500
19.480	0.937500
19.490	0.937500
19.500	0.996090
19.510	1.015620
19.520	1.015620
19.530	1.015620
19.540	1.015620
19.550	1.015620
19.560	1.015620
19.570	1.015620
19.580	1.015620
19.590	1.015620
19.600	1.015620
19.610	1.015620
19.620	1.015620
19.630	1.015620
19.640	1.015620
19.650	1.015620
19.660	1.015620
19.670	1.015620
19.680	1.015620
19.690	1.015620
19.700	1.015620
19.710	1.015620
19.720	1.015620
19.730	1.015620
19.740	1.015620
19.750	1.015620
19.760	1.015620
19.770	1.015620
19.780	1.015620
19.790	1.015620
19.800	1.015620
19.810	1.015620
19.820	1.015620
19.830	1.015620
19.840	1.015620
19.850	1.015620
19.860	1.015620
19.870	1.015620
19.880	1.054690
19.890	1.113280
19.900	1.113280
19.910	1.113280
19.920	1.113280
19.930	1.113280
19.940	1.132810
19.950	1.132810
19.960	1.152340
19.970	1.210940
19.980	1.230470
19.990	1.308590
20.000	1.406250
20.010	1.406250
20.020	1.406250
20.030	1.406250
20.040	1.406250
20.050	1.406250
20.060	1.406250
20.070	1.406250
20.080	1.406250
20.090	1.406250
20.100	1.406250
20.110	1.406250
20.120	1.406250
20.130	1.406250
20.140	1.406250
20.150	1.406250
20.160	1.406250
20.170	1.406250
20.180	1.406250
20.190	1.406250
20.200	1.406250
20.210	1.406250
20.220	1.406250
20.230	1.406250
20.240	1.406250
20.250	1.406250
20.260	1.406250
20.270	1.406250
20.280	1.406250
20.290	1.406250
20.300	1.406250
20.310	1.406250
20.320	1.406250
20.330	1.406250
20.340	1.406250
20.350	1.406250
20.360	1.406250
20.370	1.406250
20.380	1.406250
20.390	1.406250
20.400	1.406250
20.410	1.406250
20.420	1.406250
20.430	1.406250
20.440	1.406250
20.450	1.406250
20.460	1.406250
20.470	1.406250
20.480	1.406250
20.490	1.406250
20.500	1.406250
20.510	1.406250
20.520	1.406250
20.530	1.406250
20.540	1.406250
20.550	1.406250
20.560	1.406250
20.570	1.406250
20.580	1.406250
20.590	1.406250
20.600	1.406250
20.610	1.406250
20.620	1.406250
20.630	1.406250
20.640	1.406250
20.650	1.406250
20.660	1.406250
20.670	1.406250
20.680	1.386720
20.690	1.347660
20.700	1.308590
20.710	1.230470
20.720	1.230470
20.730	1.171880
20.740	1.093750
20.750	1.093750
20.760	1.054690
20.770	1.054690
20.780	0.957030
20.790	0.917970
20.800	0.898440
20.810	0.859380
20.820	0.859380
20.830	0.859380
20.840	0.859380
20.850	0.859380
20.860	0.859380
20.870	0.859380
20.880	0.859380
20.890	0.859380
20.900	0.859380
20.910	0.859380
20.920	0.859380
20.930	0.976560
20.940	1.074220
20.950	1.171880
20.960	1.230470
20.970	1.269530
20.980	1.269530
20.990	1.328120
21.000	1.328120
21.010	1.406250
21.020	1.445310
21.030	1.445310
21.040	1.445310
21.050	1.445310
21.060	1.464840
21.070	1.601560
21.080	1.718750
21.090	1.718750
21.100	1.738280
21.110	1.855470
21.120	1.894530
21.130	1.933590
21.140	2.089840
21.150	2.226560
21.160	2.304690
21.170	2.460940
21.180	2.460940
21.190	2.460940
21.200	2.460940
21.210	2.490230
21.220	2.500000
21.230	2.519530
21.240	2.519530
21.250	2.548830
21.260	2.587890
21.270	2.656250
21.280	2.705080
21.290	2.714840
21.300	2.714840
21.310	2.724610
21.320	2.734380
21.330	2.753910
21.340	2.763670
21.350	2.763670
21.360	2.763670
21.370	2.763670
21.380	2.763670
21.390	2.763670
21.400	2.763670
21.410	2.763670
21.420	2.763670
21.430	2.763670
21.440	2.763670
21.450	2.763670
21.460	2.763670
21.470	2.822270
21.480	2.851560
21.490	2.851560
21.500	2.851560
21.510	2.871090
21.520	2.900390
21.530	2.910160
21.540	2.910160
21.550	2.910160
21.560	2.910160
21.570	2.910160
21.580	2.910160
21.590	2.910160
21.600	2.910160
21.610	2.910160
21.620	2.910160
21.630	2.929690
21.640	2.978520
21.650	2.988280
21.660	2.988280
21.670	2.988280
21.680	2.988280
21.690	2.988280
21.700	2.988280
21.710	2.988280
21.720	2.988280
21.730	2.988280
21.740	2.988280
21.750	2.988280
21.760	2.998050
21.770	2.998050
21.780	2.998050
21.790	2.998050
21.800	2.998050
21.810	2.998050
21.820	2.998050
21.830	2.998050
21.840	2.998050
21.850	2.998050
21.860	2.998050
21.870	2.998050
21.880	2.998050
21.890	2.998050
21.900	2.978520
21.910	2.978520
21.920	2.978520
21.930	2.978520
21.940	2.978520
21.950	2.978520
21.960	2.978520
21.970	2.978520
21.980	2.919920
21.990	2.871090
22.000	2.871090
22.010	2.871090
22.020	2.871090
22.030	2.871090
22.040	2.871090
22.050	2.871090
22.060	2.871090
22.070	2.871090
22.080	2.871090
22.090	2.871090
22.100	2.871090
22.110	2.871090
22.120	2.871090
22.130	2.871090
22.140	2.871090
22.150	2.871090
22.160	2.871090
22.170	2.871090
22.180	2.871090
22.190	2.871090
22.200	2.871090
22.210	2.871090
22.220	2.871090
22.230	2.871090
22.240	2.871090
22.250	2.871090
22.260	2.871090
22.270	2.871090
22.280	2.871090
22.290	2.871090
22.300	2.871090
22.310	2.871090
22.320	2.871090
22.330	2.871090
22.340	2.871090
22.350	2.871090
22.360	2.832030
22.370	2.812500
22.380	2.812500
22.390	2.812500
22.400	2.812500
22.410	2.812500
22.420	2.812500
22.430	2.812500
22.440	2.812500
22.450	2.812500
22.460	2.812500
22.470	2.812500
22.480	2.812500
22.490	2.812500
22.500	2.812500
22.510	2.812500
22.520	2.812500
22.530	2.812500
22.540	2.812500
22.550	2.812500
22.560	2.812500
22.570	2.812500
22.580	2.812500
22.590	2.812500
22.600	2.812500
22.610	2.812500
22.620	2.812500
22.630	2.812500
22.640	2.812500
22.650	2.812500
22.660	2.812500
22.670	2.812500
22.680	2.812500
22.690	2.812500
22.700	2.812500
22.710	2.812500
22.720	2.812500
22.730	2.812500
22.740	2.812500
22.750	2.812500
22.760	2.812500
22.770	2.812500
22.780	2.812500
22.790	2.812500
22.800	2.812500
22.810	2.812500
22.820	2.812500
22.830	2.812500
22.840	2.812500
22.850	2.812500
22.860	2.812500
22.870	2.812500
22.880	2.812500
22.890	2.812500
22.900	2.812500
22.910	2.812500
22.920	2.812500
22.930	2.812500
22.940	2.812500
22.950	2.812500
22.960	2.812500
22.970	2.812500
22.980	2.812500
22.990	2.802730
23.000	2.744140
23.010	2.744140
23.020	2.744140
23.030	2.744140
23.040	2.744140
23.050	2.744140
23.060	2.744140
23.070	2.744140
23.080	2.744140
23.090	2.705080
23.100	2.656250
23.110	2.656250
23.120	2.656250
23.130	2.656250
23.140	2.656250
23.150	2.656250
23.160	2.656250
23.170	2.656250
23.180	2.656250
23.190	2.656250
23.200	2.656250
23.210	2.656250
23.220	2.656250
23.230	2.656250
23.240	2.656250
23.250	2.656250
23.260	2.656250
23.270	2.656250
23.280	2.656250
23.290	2.656250
23.300	2.656250
23.310	2.656250
23.320	2.656250
23.330	2.656250
23.340	2.656250
23.350	2.626950
23.360	2.558590
23.370	2.558590
23.380	2.558590
23.390	2.558590
23.400	2.558590
23.410	2.558590
23.420	2.558590
23.430	2.558590
23.440	2.539060
23.450	2.529300
23.460	2.529300
23.470	2.460940
23.480	2.431640
23.490	2.431640
23.500	2.431640
23.510	2.421880
23.520	2.392580
23.530	2.392580
23.540	2.392580
23.550	2.392580
23.560	2.392580
23.570	2.392580
23.580	2.392580
23.590	2.392580
23.600	2.392580
23.610	2.333980
23.620	2.285160
23.630	2.255860
23.640	2.255860
23.650	2.255860
23.660	2.236330
23.670	2.197270
23.680	2.148440
23.690	2.099610
23.700	2.099610
23.710	2.099610
23.720	2.099610
23.730	2.099610
23.740	2.099610
23.750	2.099610
23.760	2.099610
23.770	2.089840
23.780	2.089840
23.790	2.089840
23.800	2.089840
23.810	2.089840
23.820	2.089840
23.830	2.089840
23.840	2.089840
23.850	2.089840
23.860	2.089840
23.870	2.089840
23.880	2.089840
23.890	2.089840
23.900	2.089840
23.910	2.089840
23.920	2.089840
23.930	2.089840
23.940	2.089840
23.950	2.089840
23.960	2.089840
23.970	2.089840
23.980	2.089840
23.990	2.089840
24.000	2.089840
24.010	2.089840
24.020	2.089840
24.030	2.089840
24.040	2.089840
24.050	2.089840
24.060	2.089840
24.070	2.089840
24.080	2.089840
24.090	2.089840
24.100	2.089840
24.110	2.089840
24.120	2.089840
24.130	2.089840
24.140	2.089840
24.150	2.089840
24.160	2.089840
24.170	2.089840
24.180	2.089840
24.190	2.089840
24.200	2.089840
24.210	2.089840
24.220	2.089840
24.230	2.089840
24.240	2.089840
24.250	2.089840
24.260	2.089840
24.270	2.089840
24.280	2.089840
24.290	2.089840
24.300	2.089840
24.310	2.089840
24.320	2.089840
24.330	2.089840
24.340	2.089840
24.350	2.089840
24.360	2.089840
24.370	2.089840
24.380	2.089840
24.390	2.089840
24.400	2.089840
24.410	2.089840
24.420	2.089840
24.430	2.089840
24.440	2.089840
24.450	2.089840
24.460	2.089840
24.470	2.089840
24.480	2.089840
24.490	2.089840
24.500	2.089840
24.510	2.089840
24.520	2.089840
24.530	2.089840
24.540	2.089840
24.550	2.089840
24.560	2.089840
24.570	2.099610
24.580	2.109380
24.590	2.109380
24.600	2.109380
24.610	2.109380
24.620	2.109380
24.630	2.109380
24.640	2.109380
24.650	2.119140
24.660	2.138670
24.670	2.138670
24.680	2.167970
24.690	2.226560
24.700	2.246090
24.710	2.255860
24.720	2.265620
24.730	2.294920
24.740	2.333980
24.750	2.343750
24.760	2.392580
24.770	2.392580
24.780	2.392580
24.790	2.392580
24.800	2.392580
24.810	2.392580
24.820	2.431640
24.830	2.460940
24.840	2.509770
24.850	2.568360
24.860	2.636720
24.870	2.695310
24.880	2.734380
24.890	2.744140
24.900	2.812500
24.910	2.822270
24.920	2.822270
24.930	2.880860
24.940	2.880860
24.950	2.880860
24.960	2.880860
24.970	2.880860
24.980	2.880860
24.990	2.880860
25.000	2.880860
25.010	2.880860
25.020	2.880860
25.030	2.880860
25.040	2.880860
25.050	2.880860
25.060	2.880860
25.070	2.880860
25.080	2.880860
25.090	2.880860
25.100	2.880860
25.110	2.880860
25.120	2.880860
25.130	2.880860
25.140	2.880860
25.150	2.880860
25.160	2.880860
25.170	2.880860
25.180	2.880860
25.190	2.880860
25.200	2.880860
25.210	2.900390
25.220	2.929690
25.230	2.929690
25.240	2.929690
25.250	2.929690
25.260	2.929690
25.270	2.929690
25.280	2.929690
25.290	2.929690
25.300	2.929690
25.310	2.929690
25.320	2.929690
25.330	2.929690
25.340	2.929690
25.350	2.929690
25.360	2.929690
25.370	2.929690
25.380	2.929690
25.390	2.929690
25.400	2.929690
25.410	2.929690
25.420	2.929690
25.430	2.929690
25.440	2.929690
25.450	2.929690
25.460	2.929690
25.470	2.929690
25.480	2.929690
25.490	2.929690
25.500	2.929690
25.510	2.929690
25.520	2.929690
25.530	2.929690
25.540	2.929690
25.550	2.929690
25.560	2.929690
25.570	2.929690
25.580	2.929690
25.590	2.929690
25.600	2.929690
25.610	2.929690
25.620	2.929690
25.630	2.929690
25.640	2.949220
25.650	2.949220
25.660	2.949220
25.670	2.998050
25.680	2.998050
25.690	2.998050
25.700	2.998050
25.710	2.998050
25.720	2.998050
25.730	2.998050
25.740	2.998050
25.750	2.998050
25.760	2.998050
25.770	2.998050
25.780	2.998050
25.790	3.037110
25.800	3.056640
25.810	3.066410
25.820	3.066410
25.830	3.066410
25.840	3.066410
25.850	3.066410
25.860	3.066410
25.870	3.125000
25.880	3.173830
25.890	3.173830
25.900	3.173830
25.910	3.173830
25.920	3.173830
25.930	3.193360
25.940	3.193360
25.950	3.193360
25.960	3.212890
25.970	3.251950
25.980	3.251950
25.990	3.281250
26.000	3.281250
26.010	3.281250
26.020	3.281250
26.030	3.281250
26.040	3.281250
26.050	3.281250
26.060	3.281250
26.070	3.281250
26.080	3.281250
26.090	3.281250
26.100	3.310550
26.110	3.369140
26.120	3.398440
26.130	3.427730
26.140	3.476560
26.150	3.554690
26.160	3.554690
26.170	3.554690
26.180	3.554690
26.190	3.554690
26.200	3.554690
26.210	3.554690
26.220	3.554690
26.230	3.554690
26.240	3.554690
26.250	3.554690
26.260	3.554690
26.270	3.554690
26.280	3.525390
26.290	3.486330
26.300	3.486330
26.310	3.486330
26.320	3.486330
26.330	3.486330
26.340	3.486330
26.350	3.486330
26.360	3.486330
26.370	3.486330
26.380	3.466800
26.390	3.388670
26.400	3.349610
26.410	3.330080
26.420	3.320310
26.430	3.261720
26.440	3.261720
26.450	3.212890
26.460	3.173830
26.470	3.173830
26.480	3.173830
26.490	3.164060
26.500	3.164060
26.510	3.125000
26.520	3.115230
26.530	3.115230
26.540	3.095700
26.550	3.095700
26.560	3.095700
26.570	3.095700
26.580	3.027340
26.590	2.988280
26.600	2.939450
26.610	2.929690
26.620	2.890620
26.630	2.890620
26.640	2.871090
26.650	2.832030
26.660	2.822270
26.670	2.773440
26.680	2.695310
26.690	2.666020
26.700	2.666020
26.710	2.666020
26.720	2.666020
26.730	2.666020
26.740	2.666020
26.750	2.656250
26.760	2.656250
26.770	2.656250
26.780	2.656250
26.790	2.636720
26.800	2.631840
26.810	2.631840
26.820	2.631840
26.830	2.626950
26.840	2.626950
26.850	2.626950
26.860	2.626950
26.870	2.626950
26.880	2.626950
26.890	2.626950
26.900	2.626950
26.910	2.626950
26.920	2.626950
26.930	2.626950
26.940	2.626950
26.950	2.626950
26.960	2.602540
26.970	2.587890
26.980	2.578120
26.990	2.578120
27.000	2.553710
27.010	2.534180
27.020	2.529300
27.030	2.529300
27.040	2.529300
27.050	2.529300
27.060	2.529300
27.070	2.529300
27.080	2.529300
27.090	2.529300
27.100	2.509770
27.110	2.480470
27.120	2.436520
27.130	2.407230
27.140	2.377930
27.150	2.377930
27.160	2.363280
27.170	2.329100
27.180	2.294920
27.190	2.265620
27.200	2.250980
27.210	2.250980
27.220	2.250980
27.230	2.250980
27.240	2.250980
27.250	2.250980
27.260	2.250980
27.270	2.250980
27.280	2.250980
27.290	2.250980
27.300	2.250980
27.310	2.250980
27.320	2.250980
27.330	2.250980
27.340	2.250980
27.350	2.250980
27.360	2.250980
27.370	2.250980
27.380	2.250980
27.390	2.250980
27.400	2.250980
27.410	2.250980
27.420	2.250980
27.430	2.250980
27.440	2.250980
27.450	2.250980
27.460	2.250980
27.470	2.250980
27.480	2.250980
27.490	2.250980
27.500	2.250980
27.510	2.250980
27.520	2.250980
27.530	2.250980
27.540	2.250980
27.550	2.250980
27.560	2.250980
27.570	2.250980
27.580	2.250980
27.590	2.250980
27.600	2.250980
27.610	2.250980
27.620	2.250980
27.630	2.250980
27.640	2.250980
27.650	2.250980
27.660	2.250980
27.670	2.250980
27.680	2.250980
27.690	2.250980
27.700	2.250980
27.710	2.250980
27.720	2.250980
27.730	2.250980
27.740	2.250980
27.750	2.250980
27.760	2.250980
27.770	2.250980
27.780	2.250980
27.790	2.250980
27.800	2.260740
27.810	2.265620
27.820	2.265620
27.830	2.280270
27.840	2.280270
27.850	2.280270
27.860	2.280270
27.870	2.280270
27.880	2.280270
27.890	2.280270
27.900	2.280270
27.910	2.280270
27.920	2.280270
27.930	2.280270
27.940	2.280270
27.950	2.280270
27.960	2.280270
27.970	2.280270
27.980	2.280270
27.990	2.280270
28.000	2.280270
28.010	2.280270
28.020	2.280270
28.030	2.280270
28.040	2.280270
28.050	2.280270
28.060	2.280270
28.070	2.280270
28.080	2.280270
28.090	2.280270
28.100	2.280270
28.110	2.280270
28.120	2.280270
28.130	2.280270
28.140	2.280270
28.150	2.280270
28.160	2.280270
28.170	2.280270
28.180	2.280270
28.190	2.280270
28.200	2.280270
28.210	2.280270
28.220	2.280270
28.230	2.280270
28.240	2.280270
28.250	2.280270
28.260	2.280270
28.270	2.280270
28.280	2.280270
28.290	2.280270
28.300	2.260740
28.310	2.255860
28.320	2.226560
28.330	2.226560
28.340	2.226560
28.350	2.226560
28.360	2.226560
28.370	2.192380
28.380	2.153320
28.390	2.143550
28.400	2.143550
28.410	2.138670
28.420	2.138670
28.430	2.138670
28.440	2.138670
28.450	2.104490
28.460	2.089840
28.470	2.089840
28.480	2.075200
28.490	2.070310
28.500	2.041020
28.510	2.026370
28.520	2.026370
28.530	2.016600
28.540	1.992190
28.550	1.977540
28.560	1.977540
28.570	1.977540
28.580	1.977540
28.590	1.977540
28.600	1.977540
28.610	1.977540
28.620	1.977540
28.630	1.972660
28.640	1.962890
28.650	1.962890
28.660	1.962890
28.670	1.953120
28.680	1.953120
28.690	1.953120
28.700	1.953120
28.710	1.938480
28.720	1.933590
28.730	1.918950
28.740	1.914060
28.750	1.899410
28.760	1.865230
28.770	1.850590
28.780	1.835940
28.790	1.835940
28.800	1.831050
28.810	1.831050
28.820	1.811520
28.830	1.796880
28.840	1.796880
28.850	1.796880
28.860	1.777340
28.870	1.767580
28.880	1.762700
28.890	1.762700
28.900	1.762700
28.910	1.762700
28.920	1.762700
28.930	1.762700
28.940	1.762700
28.950	1.762700
28.960	1.762700
28.970	1.762700
28.980	1.762700
28.990	1.762700
29.000	1.762700
29.010	1.762700
29.020	1.762700
29.030	1.733400
29.040	1.708980
29.050	1.679690
29.060	1.669920
29.070	1.665040
29.080	1.655270
29.090	1.655270
29.100	1.655270
29.110	1.640620
29.120	1.611330
29.130	1.611330
29.140	1.611330
29.150	1.611330
29.160	1.611330
29.170	1.611330
29.180	1.611330
29.190	1.611330
29.200	1.611330
29.210	1.611330
29.220	1.611330
29.230	1.611330
29.240	1.611330
29.250	1.611330
29.260	1.611330
29.270	1.611330
29.280	1.611330
29.290	1.611330
29.300	1.611330
29.310	1.611330
29.320	1.621090
29.330	1.621090
29.340	1.621090
29.350	1.621090
29.360	1.621090
29.370	1.621090
29.380	1.621090
29.390	1.621090
29.400	1.621090
29.410	1.621090
29.420	1.621090
29.430	1.621090
29.440	1.621090
29.450	1.621090
29.460	1.621090
29.470	1.621090
29.480	1.621090
29.490	1.621090
29.500	1.611330
29.510	1.596680
29.520	1.562500
29.530	1.562500
29.540	1.557620
29.550	1.523440
29.560	1.494140
29.570	1.489260
29.580	1.489260
29.590	1.479490
29.600	1.459960
29.610	1.445310
29.620	1.420900
29.630	1.420900
29.640	1.411130
29.650	1.406250
29.660	1.372070
29.670	1.367190
29.680	1.362300
29.690	1.357420
29.700	1.333010
29.710	1.318360
29.720	1.318360
29.730	1.313480
29.740	1.303710
29.750	1.303710
29.760	1.284180
29.770	1.240230
29.780	1.215820
29.790	1.215820
29.800	1.215820
29.810	1.210940
29.820	1.191410
29.830	1.176760
29.840	1.162110
29.850	1.137700
29.860	1.118160
29.870	1.118160
29.880	1.118160
29.890	1.118160
29.900	1.118160
29.910	1.118160
29.920	1.118160
29.930	1.108400
29.940	1.088870
29.950	1.088870
29.960	1.088870
29.970	1.088870
29.980	1.088870
29.990	1.088870
30.000	1.088870
30.010	1.088870
30.020	1.079100
30.030	1.079100
30.040	1.049800
30.050	1.049800
30.060	1.049800
30.070	1.030270
30.080	1.030270
30.090	1.025390
30.100	1.025390
30.110	0.986330
30.120	0.966800
30.130	0.966800
30.140	0.957030
30.150	0.927730
30.160	0.917970
30.170	0.917970
30.180	0.917970
30.190	0.908200
30.200	0.869140
30.210	0.844730
30.220	0.820310
30.230	0.820310
30.240	0.815430
30.250	0.786130
30.260	0.771480
30.270	0.761720
30.280	0.751950
30.290	0.742190
30.300	0.742190
30.310	0.742190
30.320	0.727540
30.330	0.708010
30.340	0.708010
30.350	0.673830
30.360	0.644530
30.370	0.644530
30.380	0.610350
30.390	0.610350
30.400	0.610350
30.410	0.610350
30.420	0.610350
30.430	0.610350
30.440	0.610350
30.450	0.610350
30.460	0.610350
30.470	0.610350
30.480	0.610350
30.490	0.610350
30.500	0.610350
30.510	0.610350
30.520	0.610350
30.530	0.610350
30.540	0.610350
30.550	0.610350
30.560	0.610350
30.570	0.610350
30.580	0.610350
30.590	0.610350
30.600	0.610350
30.610	0.610350
30.620	0.610350
30.630	0.610350
30.640	0.610350
30.650	0.610350
30.660	0.610350
30.670	0.610350
30.680	0.610350
30.690	0.610350
30.700	0.610350
30.710	0.610350
30.720	0.610350
30.730	0.610350
30.740	0.610350
30.750	0.610350
30.760	0.610350
30.770	0.610350
30.780	0.610350
30.790	0.610350
30.800	0.610350
30.810	0.610350
30.820	0.610350
30.830	0.610350
30.840	0.610350
30.850	0.610350
30.860	0.610350
30.870	0.610350
30.880	0.610350
30.890	0.610350
30.900	0.610350
30.910	0.610350
30.920	0.610350
30.930	0.590820
30.940	0.590820
30.950	0.590820
30.960	0.590820
30.970	0.590820
30.980	0.590820
30.990	0.590820
31.000	0.590820
31.010	0.590820
31.020	0.590820
31.030	0.590820
31.040	0.590820
31.050	0.590820
31.060	0.590820
31.070	0.590820
31.080	0.590820
31.090	0.590820
31.100	0.590820
31.110	0.590820
31.120	0.581050
31.130	0.537110
31.140	0.522460
31.150	0.502930
31.160	0.502930
31.170	0.502930
31.180	0.502930
31.190	0.502930
31.200	0.502930
31.210	0.502930
31.220	0.502930
31.230	0.502930
31.240	0.478520
31.250	0.444340
31.260	0.444340
31.270	0.444340
31.280	0.444340
31.290	0.405270
31.300	0.385740
31.310	0.385740
31.320	0.385740
31.330	0.385740
31.340	0.380860
31.350	0.371090
31.360	0.371090
31.370	0.371090
31.380	0.371090
31.390	0.371090
31.400	0.356450
31.410	0.346680
31.420	0.346680
31.430	0.346680
31.440	0.346680
31.450	0.346680
31.460	0.346680
31.470	0.346680
31.480	0.346680
31.490	0.346680
31.500	0.332030
31.510	0.322270
31.520	0.302730
31.530	0.292970
31.540	0.292970
31.550	0.292970
31.560	0.278320
31.570	0.249020
31.580	0.224610
31.590	0.219730
31.600	0.190430
31.610	0.166020
31.620	0.151370
31.630	0.151370
31.640	0.146480
31.650	0.131840
31.660	0.126950
31.670	0.122070
31.680	0.078120
31.690	0.073240
31.700	0.073240
31.710	0.048830
31.720	0.019530
31.730	0.019530
31.740	0.019530
31.750	-0.014650
31.760	-0.034180
31.770	-0.034180
31.780	-0.034180
31.790	-0.034180
31.800	-0.034180
31.810	-0.034180
31.820	-0.034180
31.830	-0.034180
31.840	-0.034180
31.850	-0.034180
31.860	-0.034180
31.870	-0.034180
31.880	-0.034180
31.890	-0.034180
31.900	-0.034180
31.910	-0.034180
31.920	-0.034180
31.930	-0.034180
31.940	-0.034180
31.950	-0.034180
31.960	-0.034180
31.970	-0.034180
31.980	-0.034180
31.990	-0.034180
32.000	-0.034180
32.010	-0.034180
32.020	-0.034180
32.030	-0.034180
32.040	-0.034180
32.050	-0.034180
32.060	-0.048830
32.070	-0.048830
32.080	-0.048830
32.090	-0.048830
32.100	-0.048830
32.110	-0.048830
32.120	-0.068360
32.130	-0.083010
32.140	-0.083010
32.150	-0.092770
32.160	-0.097660
32.170	-0.097660
32.180	-0.097660
32.190	-0.097660
32.200	-0.097660
32.210	-0.097660
32.220	-0.097660
32.230	-0.097660
32.240	-0.097660
32.250	-0.102540
32.260	-0.102540
32.270	-0.102540
32.280	-0.102540
32.290	-0.102540
32.300	-0.102540
32.310	-0.102540
32.320	-0.102540
32.330	-0.107420
32.340	-0.126950
32.350	-0.126950
32.360	-0.126950
32.370	-0.126950
32.380	-0.126950
32.390	-0.126950
32.400	-0.141600
32.410	-0.156250
32.420	-0.166020
32.430	-0.166020
32.440	-0.166020
32.450	-0.170900
32.460	-0.170900
32.470	-0.170900
32.480	-0.195310
32.490	-0.195310
32.500	-0.214840
32.510	-0.214840
32.520	-0.214840
32.530	-0.214840
32.540	-0.244140
32.550	-0.244140
32.560	-0.244140
32.570	-0.244140
32.580	-0.244140
32.590	-0.244140
32.600	-0.244140
32.610	-0.244140
32.620	-0.268550
32.630	-0.302730
32.640	-0.312500
32.650	-0.312500
32.660	-0.312500
32.670	-0.312500
32.680	-0.312500
32.690	-0.312500
32.700	-0.312500
32.710	-0.312500
32.720	-0.312500
32.730	-0.312500
32.740	-0.312500
32.750	-0.346680
32.760	-0.351560
32.770	-0.356450
32.780	-0.356450
32.790	-0.356450
32.800	-0.356450
32.810	-0.356450
32.820	-0.356450
32.830	-0.356450
32.840	-0.356450
32.850	-0.356450
32.860	-0.356450
32.870	-0.356450
32.880	-0.356450
32.890	-0.356450
32.900	-0.356450
32.910	-0.356450
32.920	-0.351560
32.930	-0.351560
32.940	-0.351560
32.950	-0.351560
32.960	-0.351560
32.970	-0.351560
32.980	-0.351560
32.990	-0.351560
33.000	-0.351560
33.010	-0.351560
33.020	-0.351560
33.030	-0.351560
33.040	-0.351560
33.050	-0.351560
33.060	-0.351560
33.070	-0.351560
33.080	-0.351560
33.090	-0.351560
33.100	-0.351560
33.110	-0.351560
33.120	-0.351560
33.130	-0.351560
33.140	-0.351560
33.150	-0.351560
33.160	-0.351560
33.170	-0.351560
33.180	-0.351560
33.190	-0.351560
33.200	-0.351560
33.210	-0.351560
33.220	-0.351560
33.230	-0.351560
33.240	-0.351560
33.250	-0.366210
33.260	-0.400390
33.270	-0.415040
33.280	-0.415040
33.290	-0.429690
33.300	-0.458980
33.310	-0.458980
33.320	-0.458980
33.330	-0.488280
33.340	-0.507810
33.350	-0.522460
33.360	-0.537110
33.370	-0.571290
33.380	-0.571290
33.390	-0.571290
33.400	-0.571290
33.410	-0.571290
33.420	-0.576170
33.430	-0.576170
33.440	-0.581050
33.450	-0.581050
33.460	-0.581050
33.470	-0.581050
33.480	-0.581050
33.490	-0.581050
33.500	-0.581050
33.510	-0.581050
33.520	-0.581050
33.530	-0.581050
33.540	-0.581050
33.550	-0.581050
33.560	-0.581050
33.570	-0.581050
33.580	-0.581050
33.590	-0.581050
33.600	-0.581050
33.610	-0.581050
33.620	-0.581050
33.630	-0.581050
33.640	-0.581050
33.650	-0.581050
33.660	-0.581050
33.670	-0.581050
33.680	-0.581050
33.690	-0.581050
33.700	-0.581050
33.710	-0.581050
33.720	-0.581050
33.730	-0.581050
33.740	-0.581050
33.750	-0.581050
33.760	-0.581050
33.770	-0.581050
33.780	-0.581050
33.790	-0.581050
33.800	-0.581050
33.810	-0.581050
33.820	-0.581050
33.830	-0.581050
33.840	-0.581050
33.850	-0.581050
33.860	-0.581050
33.870	-0.581050
33.880	-0.581050
33.890	-0.581050
33.900	-0.581050
33.910	-0.581050
33.920	-0.581050
33.930	-0.581050
33.940	-0.581050
33.950	-0.581050
33.960	-0.581050
33.970	-0.581050
33.980	-0.581050
33.990	-0.581050
34.000	-0.581050
34.010	-0.581050
34.020	-0.581050
34.030	-0.581050
34.040	-0.581050
34.050	-0.581050
34.060	-0.581050
34.070	-0.581050
34.080	-0.581050
34.090	-0.581050
34.100	-0.571290
34.110	-0.551760
34.120	-0.551760
34.130	-0.551760
34.140	-0.551760
34.150	-0.551760
34.160	-0.551760
34.170	-0.551760
34.180	-0.551760
34.190	-0.551760
34.200	-0.551760
34.210	-0.551760
34.220	-0.551760
34.230	-0.551760
34.240	-0.551760
34.250	-0.551760
34.260	-0.551760
34.270	-0.551760
34.280	-0.551760
34.290	-0.551760
34.300	-0.551760
34.310	-0.551760
34.320	-0.551760
34.330	-0.551760
34.340	-0.551760
34.350	-0.551760
34.360	-0.551760
34.370	-0.551760
34.380	-0.551760
34.390	-0.551760
34.400	-0.551760
34.410	-0.551760
34.420	-0.551760
34.430	-0.551760
34.440	-0.551760
34.450	-0.551760
34.460	-0.551760
34.470	-0.551760
34.480	-0.551760
34.490	-0.551760
34.500	-0.551760
34.510	-0.532230
34.520	-0.532230
34.530	-0.532230
34.540	-0.532230
34.550	-0.532230
34.560	-0.532230
34.570	-0.532230
34.580	-0.532230
34.590	-0.532230
34.600	-0.532230
34.610	-0.532230
34.620	-0.532230
34.630	-0.532230
34.640	-0.532230
34.650	-0.532230
34.660	-0.532230
34.670	-0.532230
34.680	-0.532230
34.690	-0.532230
34.700	-0.532230
34.710	-0.532230
34.720	-0.537110
34.730	-0.556640
34.740	-0.581050
34.750	-0.595700
34.760	-0.615230
34.770	-0.634770
34.780	-0.649410
34.790	-0.649410
34.800	-0.649410
34.810	-0.649410
34.820	-0.649410
34.830	-0.649410
34.840	-0.654300
34.850	-0.659180
34.860	-0.688480
34.870	-0.703120
34.880	-0.703120
34.890	-0.703120
34.900	-0.703120
34.910	-0.703120
34.920	-0.703120
34.930	-0.703120
34.940	-0.703120
34.950	-0.703120
34.960	-0.703120
34.970	-0.703120
34.980	-0.703120
34.990	-0.703120
35.000	-0.703120
35.010	-0.703120
35.020	-0.703120
35.030	-0.703120
35.040	-0.703120
35.050	-0.703120
35.060	-0.703120
35.070	-0.703120
35.080	-0.703120
35.090	-0.703120
35.100	-0.703120
35.110	-0.703120
35.120	-0.703120
35.130	-0.703120
35.140	-0.703120
35.150	-0.703120
35.160	-0.703120
35.170	-0.703120
35.180	-0.703120
35.190	-0.703120
35.200	-0.703120
35.210	-0.703120
35.220	-0.703120
35.230	-0.703120
35.240	-0.703120
35.250	-0.703120
35.260	-0.703120
35.270	-0.703120
35.280	-0.703120
35.290	-0.703120
35.300	-0.703120
35.310	-0.703120
35.320	-0.703120
35.330	-0.703120
35.340	-0.703120
35.350	-0.703120
35.360	-0.703120
35.370	-0.703120
35.380	-0.703120
35.390	-0.703120
35.400	-0.703120
35.410	-0.703120
35.420	-0.703120
35.430	-0.703120
35.440	-0.703120
35.450	-0.703120
35.460	-0.703120
35.470	-0.751950
35.480	-0.776370
35.490	-0.795900
35.500	-0.810550
35.510	-0.810550
35.520	-0.810550
35.530	-0.810550
35.540	-0.810550
35.550	-0.810550
35.560	-0.810550
35.570	-0.810550
35.580	-0.810550
35.590	-0.810550
35.600	-0.810550
35.610	-0.810550
35.620	-0.810550
35.630	-0.810550
35.640	-0.810550
35.650	-0.810550
35.660	-0.810550
35.670	-0.810550
35.680	-0.810550
35.690	-0.810550
35.700	-0.810550
35.710	-0.810550
35.720	-0.810550
35.730	-0.810550
35.740	-0.810550
35.750	-0.810550
35.760	-0.810550
35.770	-0.800780
35.780	-0.786130
35.790	-0.786130
35.800	-0.786130
35.810	-0.786130
35.820	-0.786130
35.830	-0.786130
35.840	-0.786130
35.850	-0.786130
35.860	-0.766600
35.870	-0.761720
35.880	-0.761720
35.890	-0.761720
35.900	-0.761720
35.910	-0.761720
35.920	-0.761720
35.930	-0.751950
35.940	-0.751950
35.950	-0.727540
35.960	-0.727540
35.970	-0.727540
35.980	-0.727540
35.990	-0.727540
36.000	-0.712890
36.010	-0.683590
36.020	-0.683590
36.030	-0.683590
36.040	-0.683590
36.050	-0.683590
36.060	-0.683590
36.070	-0.683590
36.080	-0.683590
36.090	-0.683590
36.100	-0.683590
36.110	-0.683590
36.120	-0.683590
36.130	-0.683590
36.140	-0.683590
36.150	-0.683590
36.160	-0.683590
36.170	-0.683590
36.180	-0.683590
36.190	-0.683590
36.200	-0.668950
36.210	-0.659180
36.220	-0.649410
36.230	-0.615230
36.240	-0.605470
36.250	-0.605470
36.260	-0.605470
36.270	-0.605470
36.280	-0.600590
36.290	-0.585940
36.300	-0.585940
36.310	-0.571290
36.320	-0.556640
36.330	-0.522460
36.340	-0.498050
36.350	-0.498050
36.360	-0.488280
36.370	-0.468750
36.380	-0.458980
36.390	-0.458980
36.400	-0.458980
36.410	-0.429690
36.420	-0.424800
36.430	-0.424800
36.440	-0.424800
36.450	-0.395510
36.460	-0.395510
36.470	-0.380860
36.480	-0.375980
36.490	-0.375980
36.500	-0.332030
36.510	-0.307620
36.520	-0.288090
36.530	-0.278320
36.540	-0.278320
36.550	-0.278320
36.560	-0.278320
36.570	-0.278320
36.580	-0.278320
36.590	-0.278320
36.600	-0.278320
36.610	-0.278320
36.620	-0.278320
36.630	-0.278320
36.640	-0.278320
36.650	-0.278320
36.660	-0.278320
36.670	-0.278320
36.680	-0.278320
36.690	-0.278320
36.700	-0.278320
36.710	-0.278320
36.720	-0.278320
36.730	-0.278320
36.740	-0.278320
36.750	-0.278320
36.760	-0.278320
36.770	-0.278320
36.780	-0.278320
36.790	-0.278320
36.800	-0.278320
36.810	-0.278320
36.820	-0.278320
36.830	-0.278320
36.840	-0.278320
36.850	-0.278320
36.860	-0.278320
36.870	-0.278320
36.880	-0.278320
36.890	-0.278320
36.900	-0.278320
36.910	-0.278320
36.920	-0.278320
36.930	-0.278320
36.940	-0.278320
36.950	-0.278320
36.960	-0.278320
36.970	-0.278320
36.980	-0.278320
36.990	-0.278320
37.000	-0.278320
37.010	-0.278320
37.020	-0.278320
37.030	-0.278320
37.040	-0.278320
37.050	-0.249020
37.060	-0.249020
37.070	-0.249020
37.080	-0.234380
37.090	-0.214840
37.100	-0.214840
37.110	-0.209960
37.120	-0.209960
37.130	-0.205080
37.140	-0.205080
37.150	-0.195310
37.160	-0.195310
37.170	-0.195310
37.180	-0.166020
37.190	-0.146480
37.200	-0.126950
37.210	-0.126950
37.220	-0.122070
37.230	-0.092770
37.240	-0.073240
37.250	-0.073240
37.260	-0.073240
37.270	-0.073240
37.280	-0.073240
37.290	-0.073240
37.300	-0.073240
37.310	-0.073240
37.320	-0.073240
37.330	-0.073240
37.340	-0.068360
37.350	-0.068360
37.360	-0.068360
37.370	-0.063480
37.380	-0.029300
37.390	-0.014650
37.400	-0.014650
37.410	-0.014650
37.420	-0.014650
37.430	-0.014650
37.440	-0.014650
37.450	-0.014650
37.460	-0.014650
37.470	-0.014650
37.480	-0.014650
37.490	-0.014650
37.500	-0.014650
37.510	-0.014650
37.520	-0.014650
37.530	-0.014650
37.540	-0.014650
37.550	-0.014650
37.560	-0.014650
37.570	-0.014650
37.580	-0.014650
37.590	-0.014650
37.600	-0.014650
37.610	-0.014650
37.620	-0.014650
37.630	-0.014650
37.640	-0.014650
37.650	-0.014650
37.660	-0.014650
37.670	-0.014650
37.680	-0.014650
37.690	-0.014650
37.700	-0.014650
37.710	-0.014650
37.720	-0.014650
37.730	0.024410
37.740	0.024410
37.750	0.024410
37.760	0.024410
37.770	0.024410
37.780	0.024410
37.790	0.024410
37.800	0.024410
37.810	0.024410
37.820	0.024410
37.830	0.024410
37.840	0.024410
37.850	0.024410
37.860	0.024410
37.870	0.024410
37.880	0.024410
37.890	0.024410
37.900	0.024410
37.910	0.024410
37.920	0.024410
37.930	0.024410
37.940	0.024410
37.950	0.024410
37.960	0.024410
37.970	0.024410
37.980	0.024410
37.990	0.024410
38.000	0.024410
38.010	0.024410
38.020	0.024410
38.030	0.024410
38.040	0.024410
38.050	0.024410
38.060	0.009770
38.070	-0.009770
38.080	-0.034180
38.090	-0.039060
38.100	-0.039060
38.110	-0.039060
38.120	-0.039060
38.130	-0.039060
38.140	-0.039060
38.150	-0.039060
38.160	-0.039060
38.170	-0.039060
38.180	-0.039060
38.190	-0.039060
38.200	-0.039060
38.210	-0.039060
38.220	-0.039060
38.230	-0.039060
38.240	-0.039060
38.250	-0.039060
38.260	-0.039060
38.270	-0.039060
38.280	-0.039060
38.290	-0.039060
38.300	-0.039060
38.310	-0.039060
38.320	-0.039060
38.330	-0.039060
38.340	-0.039060
38.350	-0.039060
38.360	-0.039060
38.370	-0.039060
38.380	-0.039060
38.390	-0.039060
38.400	-0.039060
38.410	-0.039060
38.420	-0.039060
38.430	-0.039060
38.440	-0.039060
38.450	-0.019530
38.460	0.009770
38.470	0.009770
38.480	0.009770
38.490	0.009770
38.500	0.009770
38.510	0.009770
38.520	0.009770
38.530	0.009770
38.540	0.009770
38.550	0.009770
38.560	0.009770
38.570	0.009770
38.580	0.009770
38.590	0.009770
38.600	0.009770
38.610	0.009770
38.620	0.009770
38.630	0.009770
38.640	0.009770
38.650	0.009770
38.660	0.009770
38.670	0.009770
38.680	0.009770
38.690	0.009770
38.700	0.009770
38.710	0.009770
38.720	0.009770
38.730	0.009770
38.740	0.009770
38.750	0.009770
38.760	0.009770
38.770	0.009770
38.780	0.009770
38.790	0.009770
38.800	0.009770
38.810	0.009770
38.820	0.009770
38.830	0.009770
38.840	0.009770
38.850	0.009770
38.860	0.009770
38.870	0.009770
38.880	0.009770
38.890	0.009770
38.900	0.009770
38.910	0.009770
38.920	0.009770
38.930	0.009770
38.940	0.009770
38.950	0.009770
38.960	0.009770
38.970	0.009770
38.980	0.009770
38.990	0.009770
39.000	0.009770
39.010	0.009770
39.020	0.009770
39.030	0.009770
39.040	0.009770
39.050	-0.004880
39.060	-0.009770
39.070	-0.009770
39.080	-0.009770
39.090	-0.009770
39.100	-0.009770
39.110	-0.009770
39.120	-0.009770
39.130	-0.009770
39.140	-0.009770
39.150	-0.009770
39.160	-0.009770
39.170	-0.009770
39.180	-0.009770
39.190	-0.009770
39.200	-0.009770
39.210	-0.009770
39.220	-0.009770
39.230	-0.009770
39.240	-0.009770
39.250	-0.009770
39.260	-0.009770
39.270	-0.009770
39.280	-0.009770
39.290	-0.009770
39.300	-0.009770
39.310	-0.009770
39.320	-0.009770
39.330	-0.009770
39.340	-0.004880
39.350	-0.004880
39.360	-0.004880
39.370	-0.004880
39.380	-0.004880
39.390	-0.004880
39.400	-0.004880
39.410	-0.004880
39.420	-0.004880
39.430	-0.004880
39.440	-0.004880
39.450	-0.004880
39.460	-0.004880
39.470	-0.004880
39.480	-0.004880
39.490	0.000000
39.500	0.034180
39.510	0.034180
39.520	0.034180
39.530	0.058590
39.540	0.073240
39.550	0.087890
39.560	0.087890
39.570	0.092770
39.580	0.092770
39.590	0.092770
39.600	0.092770
39.610	0.092770
39.620	0.092770
39.630	0.092770
39.640	0.092770
39.650	0.092770
39.660	0.092770
39.670	0.092770
39.680	0.092770
39.690	0.092770
39.700	0.092770
39.710	0.092770
39.720	0.092770
39.730	0.092770
39.740	0.092770
39.750	0.092770
39.760	0.092770
39.770	0.092770
39.780	0.092770
39.790	0.092770
39.800	0.131840
39.810	0.136720
39.820	0.136720
39.830	0.136720
39.840	0.136720
39.850	0.156250
39.860	0.156250
39.870	0.156250
39.880	0.156250
39.890	0.156250
39.900	0.166020
39.910	0.175780
39.920	0.214840
39.930	0.249020
39.940	0.249020
39.950	0.273440
39.960	0.288090
39.970	0.288090
39.980	0.288090
39.990	0.288090
40.000	0.288090
