# time_in_ns	dG_in_kT
0.000	0.000000
0.010	10.000000
0.020	10.000000
0.030	10.000000
0.040	10.000000
0.050	10.000000
0.060	10.000000
0.070	10.000000
0.080	10.000000
0.090	40.000000
0.100	90.000000
0.110	90.000000
0.120	100.000000
0.130	140.000000
0.140	140.000000
0.150	140.000000
0.160	140.000000
0.170	140.000000
0.180	120.000000
0.190	90.000000
0.200	90.000000
0.210	90.000000
0.220	90.000000
0.230	90.000000
0.240	90.000000
0.250	90.000000
0.260	90.000000
0.270	90.000000
0.280	90.000000
0.290	90.000000
0.300	90.000000
0.310	50.000000
0.320	50.000000
0.330	50.000000
0.340	50.000000
0.350	50.000000
0.360	50.000000
0.370	50.000000
0.380	10.000000
0.390	-10.000000
0.400	-10.000000
0.410	-10.000000
0.420	-10.000000
0.430	-10.000000
0.440	-10.000000
0.450	-10.000000
0.460	-10.000000
0.470	-10.000000
0.480	-10.000000
0.490	-10.000000
0.500	-10.000000
0.510	-10.000000
0.520	-10.000000
0.530	-10.000000
0.540	-10.000000
0.550	-10.000000
0.560	-10.000000
0.570	-10.000000
0.580	-10.000000
0.590	-10.000000
0.600	-10.000000
0.610	15.000000
0.620	30.000000
0.630	30.000000
0.640	30.000000
0.650	30.000000
0.660	30.000000
0.670	30.000000
0.680	30.000000
0.690	30.000000
0.700	30.000000
0.710	30.000000
0.720	30.000000
0.730	30.000000
0.740	20.000000
0.750	-15.000000
0.760	-15.000000
0.770	-15.000000
0.780	-15.000000
0.790	-30.000000
0.800	-30.000000
0.810	-30.000000
0.820	-30.000000
0.830	-30.000000
0.840	-30.000000
0.850	-30.000000
0.860	-15.000000
0.870	10.000000
0.880	10.000000
0.890	10.000000
0.900	10.000000
0.910	10.000000
0.920	10.000000
0.930	10.000000
0.940	10.000000
0.950	10.000000
0.960	10.000000
0.970	10.000000
0.980	0.000000
0.990	-7.500000
1.000	-25.000000
1.010	-25.000000
1.020	-25.000000
1.030	-25.000000
1.040	-25.000000
1.050	-25.000000
1.060	-25.000000
1.070	-25.000000
1.080	-25.000000
1.090	-25.000000
1.100	-25.000000
1.110	-25.000000
1.120	-25.000000
1.130	-30.000000
1.140	-47.500000
1.150	-55.000000
1.160	-55.000000
1.170	-55.000000
1.180	-55.000000
1.190	-55.000000
1.200	-55.000000
1.210	-55.000000
1.220	-55.000000
1.230	-55.000000
1.240	-55.000000
1.250	-55.000000
1.260	-55.000000
1.270	-55.000000
1.280	-55.000000
1.290	-45.000000
1.300	-25.000000
1.310	-10.000000
1.320	-10.000000
1.330	-10.000000
1.340	2.500000
1.350	2.500000
1.360	2.500000
1.370	2.500000
1.380	2.500000
1.390	2.500000
1.400	2.500000
1.410	2.500000
1.420	2.500000
1.430	2.500000
1.440	2.500000
1.450	2.500000
1.460	2.500000
1.470	2.500000
1.480	10.000000
1.490	21.250000
1.500	21.250000
1.510	21.250000
1.520	21.250000
1.530	21.250000
1.540	21.250000
1.550	21.250000
1.560	21.250000
1.570	21.250000
1.580	21.250000
1.590	21.250000
1.600	21.250000
1.610	12.500000
1.620	8.750000
1.630	7.500000
1.640	2.500000
1.650	-1.250000
1.660	-3.750000
1.670	-3.750000
1.680	-3.750000
1.690	-3.750000
1.700	-3.750000
1.710	-3.750000
1.720	-3.750000
1.730	-3.750000
1.740	-3.750000
1.750	-3.750000
1.760	-3.750000
1.770	-1.250000
1.780	2.500000
1.790	2.500000
1.800	2.500000
1.810	2.500000
1.820	2.500000
1.830	2.500000
1.840	2.500000
1.850	2.500000
1.860	2.500000
1.870	-1.250000
1.880	-3.750000
1.890	-3.750000
1.900	-11.250000
1.910	-11.250000
1.920	-11.250000
1.930	-11.250000
1.940	-11.250000
1.950	-11.250000
1.960	-11.250000
1.970	-11.250000
1.980	-11.250000
1.990	-11.250000
2.000	-11.250000
2.010	-17.500000
2.020	-20.000000
2.030	-20.000000
2.040	-20.000000
2.050	-20.000000
2.060	-20.000000
2.070	-20.000000
2.080	-20.000000
2.090	-16.250000
2.100	-11.250000
2.110	-7.500000
2.120	-6.250000
2.130	-6.250000
2.140	-6.250000
2.150	-6.250000
2.160	-6.250000
2.170	-6.250000
2.180	-6.250000
2.190	-6.250000
2.200	-6.250000
2.210	-6.250000
2.220	-6.250000
2.230	-6.250000
2.240	-6.250000
2.250	-6.250000
2.260	-8.750000
2.270	-13.750000
2.280	-13.750000
2.290	-18.750000
2.300	-18.750000
2.310	-18.750000
2.320	-18.750000
2.330	-18.750000
2.340	-18.750000
2.350	-18.750000
2.360	-18.750000
2.370	-18.750000
2.380	-18.750000
2.390	-11.250000
2.400	-11.250000
2.410	-11.250000
2.420	-11.250000
2.430	-11.250000
2.440	-11.250000
2.450	-11.250000
2.460	-11.250000
2.470	-11.250000
2.480	-11.250000
2.490	-11.250000
2.500	-11.250000
2.510	-11.250000
2.520	-11.250000
2.530	-11.250000
2.540	-11.250000
2.550	-11.250000
2.560	-11.250000
2.570	-11.250000
2.580	-11.250000
2.590	-11.250000
2.600	-11.250000
2.610	-11.250000
2.620	-11.250000
2.630	-11.250000
2.640	-11.250000
2.650	-10.625000
2.660	-6.875000
2.670	-6.875000
2.680	-6.875000
2.690	-6.875000
2.700	-6.250000
2.710	-4.375000
2.720	-1.875000
2.730	0.000000
2.740	0.000000
2.750	0.000000
2.760	0.000000
2.770	0.000000
2.780	0.000000
2.790	0.000000
2.800	0.000000
2.810	0.000000
2.820	0.000000
2.830	0.000000
2.840	0.000000
2.850	0.000000
2.860	0.000000
2.870	0.000000
2.880	0.000000
2.890	0.000000
2.900	0.000000
2.910	0.000000
2.920	0.000000
2.930	0.000000
2.940	0.000000
2.950	0.000000
2.960	0.000000
2.970	0.000000
2.980	0.000000
2.990	0.000000
3.000	-1.875000
3.010	-6.250000
3.020	-7.500000
3.030	-7.500000
3.040	-7.500000
3.050	-7.500000
3.060	-7.500000
3.070	-7.500000
3.080	-7.500000
3.090	-10.000000
3.100	-11.875000
3.110	-12.500000
3.120	-15.625000
3.130	-17.500000
3.140	-17.500000
3.150	-17.500000
3.160	-17.500000
3.170	-17.500000
3.180	-17.500000
3.190	-17.500000
3.200	-17.500000
3.210	-17.500000
3.220	-16.875000
3.230	-14.375000
3.240	-14.375000
3.250	-10.625000
3.260	-8.125000
3.270	-7.500000
3.280	-5.000000
3.290	-5.000000
3.300	-5.000000
3.310	-5.000000
3.320	-5.000000
3.330	-5.000000
3.340	-5.000000
3.350	-5.000000
3.360	-5.000000
3.370	-5.000000
3.380	-5.000000
3.390	-5.000000
3.400	-5.000000
3.410	-5.000000
3.420	-5.000000
3.430	-5.000000
3.440	-5.000000
3.450	-5.000000
3.460	-5.000000
3.470	-5.000000
3.480	-5.000000
3.490	-5.000000
3.500	-5.000000
3.510	-3.125000
3.520	0.625000
3.530	0.625000
3.540	0.625000
3.550	0.625000
3.560	0.625000
3.570	0.625000
3.580	0.625000
3.590	0.625000
3.600	0.625000
3.610	0.625000
3.620	-3.750000
3.630	-5.625000
3.640	-8.125000
3.650	-8.125000
3.660	-8.125000
3.670	-8.125000
3.680	-8.125000
3.690	-8.125000
3.700	-8.125000
3.710	-8.125000
3.720	-8.125000
3.730	-8.125000
3.740	-8.125000
3.750	-8.125000
3.760	-8.125000
3.770	-8.125000
3.780	-8.125000
3.790	-8.125000
3.800	-8.125000
3.810	-8.125000
3.820	-6.250000
3.830	-5.625000
3.840	-0.625000
3.850	0.000000
3.860	0.000000
3.870	0.000000
3.880	0.000000
3.890	0.000000
3.900	0.000000
3.910	0.000000
3.920	0.000000
3.930	0.000000
3.940	0.000000
3.950	0.000000
3.960	0.000000
3.970	3.125000
3.980	6.875000
3.990	6.875000
4.000	6.875000
4.010	6.875000
4.020	6.875000
4.030	6.875000
4.040	8.125000
4.050	10.625000
4.060	13.125000
4.070	14.375000
4.080	17.500000
4.090	17.500000
4.100	17.500000
4.110	17.500000
4.120	17.500000
4.130	17.500000
4.140	17.500000
4.150	17.500000
4.160	17.500000
4.170	17.500000
4.180	15.625000
4.190	15.625000
4.200	13.125000
4.210	12.500000
4.220	12.500000
4.230	9.375000
4.240	7.500000
4.250	5.000000
4.260	5.000000
4.270	5.000000
4.280	5.000000
4.290	5.000000
4.300	5.000000
4.310	5.000000
4.320	5.000000
4.330	5.000000
4.340	5.000000
4.350	5.000000
4.360	5.000000
4.370	5.000000
4.380	5.000000
4.390	5.000000
4.400	5.000000
4.410	5.000000
4.420	5.000000
4.430	5.000000
4.440	5.000000
4.450	5.000000
4.460	5.000000
4.470	5.000000
4.480	5.000000
4.490	5.000000
4.500	5.000000
4.510	5.000000
4.520	5.000000
4.530	5.000000
4.540	5.000000
4.550	5.000000
4.560	5.000000
4.570	5.000000
4.580	5.000000
4.590	5.000000
4.600	5.000000
4.610	5.000000
4.620	5.000000
4.630	3.437500
4.640	2.187500
4.650	1.875000
4.660	1.562500
4.670	1.250000
4.680	1.250000
4.690	1.250000
4.700	1.250000
4.710	1.250000
4.720	1.250000
4.730	1.250000
4.740	1.250000
4.750	1.250000
4.760	1.250000
4.770	1.250000
4.780	1.250000
4.790	1.250000
4.800	1.250000
4.810	1.250000
4.820	1.250000
4.830	1.250000
4.840	1.250000
4.850	1.875000
4.860	3.125000
4.870	3.125000
4.880	3.125000
4.890	3.125000
4.900	3.750000
4.910	4.687500
4.920	5.312500
4.930	5.312500
4.940	5.312500
4.950	5.312500
4.960	5.312500
4.970	5.312500
4.980	5.312500
4.990	5.312500
5.000	6.875000
5.010	9.375000
5.020	9.375000
5.030	9.375000
5.040	9.375000
5.050	9.375000
5.060	9.375000
5.070	9.375000
5.080	9.375000
5.090	9.375000
5.100	9.375000
5.110	9.375000
5.120	9.375000
5.130	9.375000
5.140	9.375000
5.150	9.375000
5.160	9.375000
5.170	9.375000
5.180	9.375000
5.190	9.375000
5.200	9.375000
5.210	9.375000
5.220	11.250000
5.230	11.250000
5.240	11.250000
5.250	11.250000
5.260	11.250000
5.270	11.250000
5.280	11.250000
5.290	11.250000
5.300	11.250000
5.310	11.250000
5.320	11.250000
5.330	11.250000
5.340	11.250000
5.350	11.250000
5.360	11.250000
5.370	11.250000
5.380	11.250000
5.390	11.250000
5.400	11.250000
5.410	10.625000
5.420	9.062500
5.430	9.062500
5.440	9.062500
5.450	9.062500
5.460	9.062500
5.470	9.062500
5.480	9.062500
5.490	7.812500
5.500	5.937500
5.510	5.625000
5.520	4.062500
5.530	4.062500
5.540	4.062500
5.550	2.500000
5.560	2.187500
5.570	1.875000
5.580	1.875000
5.590	1.875000
5.600	0.625000
5.610	0.000000
5.620	0.000000
5.630	0.000000
5.640	0.000000
5.650	0.000000
5.660	0.000000
5.670	0.000000
5.680	0.000000
5.690	0.000000
5.700	0.000000
5.710	0.000000
5.720	0.000000
5.730	0.000000
5.740	-0.312500
5.750	-1.875000
5.760	-1.875000
5.770	-1.875000
5.780	-1.875000
5.790	-1.875000
5.800	-1.875000
5.810	-1.875000
5.820	-1.875000
5.830	-1.250000
5.840	0.000000
5.850	0.000000
5.860	0.000000
5.870	0.312500
5.880	0.312500
5.890	0.312500
5.900	0.312500
5.910	0.312500
5.920	0.312500
5.930	0.312500
5.940	1.562500
5.950	2.968750
5.960	3.906250
5.970	4.375000
5.980	4.375000
5.990	4.375000
6.000	4.375000
6.010	4.375000
6.020	4.843750
6.030	5.156250
6.040	5.156250
6.050	5.156250
6.060	5.156250
6.070	5.156250
6.080	5.312500
6.090	5.312500
6.100	5.312500
6.110	5.312500
6.120	5.312500
6.130	6.562500
6.140	7.343750
6.150	7.656250
6.160	7.656250
6.170	7.656250
6.180	7.656250
6.190	7.812500
6.200	7.812500
6.210	7.812500
6.220	7.812500
6.230	7.812500
6.240	7.812500
6.250	7.812500
6.260	7.812500
6.270	7.812500
6.280	7.812500
6.290	7.812500
6.300	7.812500
6.310	7.812500
6.320	7.812500
6.330	7.812500
6.340	7.812500
6.350	7.812500
6.360	7.812500
6.370	7.812500
6.380	7.812500
6.390	7.812500
6.400	7.812500
6.410	7.812500
6.420	7.812500
6.430	7.812500
6.440	7.812500
6.450	7.031250
6.460	6.250000
6.470	6.250000
6.480	6.250000
6.490	5.625000
6.500	5.000000
6.510	4.531250
6.520	4.531250
6.530	3.906250
6.540	2.968750
6.550	2.343750
6.560	2.187500
6.570	2.187500
6.580	2.187500
6.590	2.187500
6.600	2.187500
6.610	2.187500
6.620	2.187500
6.630	2.187500
6.640	2.187500
6.650	2.187500
6.660	2.187500
6.670	2.187500
6.680	2.187500
6.690	2.187500
6.700	2.187500
6.710	2.187500
6.720	2.187500
6.730	2.187500
6.740	2.187500
6.750	2.187500
6.760	2.187500
6.770	2.187500
6.780	2.187500
6.790	2.187500
6.800	2.187500
6.810	2.187500
6.820	2.187500
6.830	2.187500
6.840	2.187500
6.850	2.187500
6.860	2.187500
6.870	2.187500
6.880	2.187500
6.890	2.187500
6.900	2.187500
6.910	2.187500
6.920	2.187500
6.930	2.187500
6.940	2.187500
6.950	2.187500
6.960	2.187500
6.970	2.187500
6.980	2.343750
6.990	2.812500
7.000	3.046880
7.010	3.046880
7.020	3.125000
7.030	3.125000
7.040	3.125000
7.050	3.125000
7.060	3.125000
7.070	3.125000
7.080	3.125000
7.090	3.125000
7.100	3.125000
7.110	2.734380
7.120	2.734380
7.130	2.343750
7.140	2.343750
7.150	2.343750
7.160	2.343750
7.170	2.343750
7.180	2.343750
7.190	2.187500
7.200	1.562500
7.210	1.250000
7.220	1.250000
7.230	1.250000
7.240	1.250000
7.250	1.250000
7.260	1.250000
7.270	1.250000
7.280	1.250000
7.290	1.250000
7.300	1.250000
7.310	1.250000
7.320	1.250000
7.330	1.250000
7.340	1.250000
7.350	1.328120
7.360	1.718750
7.370	1.796880
7.380	1.796880
7.390	1.796880
7.400	1.796880
7.410	1.796880
7.420	1.796880
7.430	1.796880
7.440	1.796880
7.450	1.796880
7.460	1.796880
7.470	1.796880
7.480	1.796880
7.490	1.796880
7.500	1.796880
7.510	1.796880
7.520	1.796880
7.530	1.796880
7.540	1.796880
7.550	1.796880
7.560	1.796880
7.570	1.796880
7.580	1.796880
7.590	1.796880
7.600	1.796880
7.610	1.796880
7.620	1.796880
7.630	1.562500
7.640	1.445310
7.650	1.445310
7.660	1.250000
7.670	1.250000
7.680	1.210940
7.690	1.132810
7.700	0.976560
7.710	0.781250
7.720	0.625000
7.730	0.625000
7.740	0.625000
7.750	0.546880
7.760	0.546880
7.770	0.546880
7.780	0.546880
7.790	0.546880
7.800	0.546880
7.810	0.546880
7.820	0.546880
7.830	0.546880
7.840	0.507810
7.850	0.273440
7.860	0.195310
7.870	0.117190
7.880	0.117190
7.890	0.117190
7.900	0.117190
7.910	0.117190
7.920	0.117190
7.930	0.117190
7.940	0.117190
7.950	0.000000
7.960	-0.234380
7.970	-0.625000
7.980	-0.625000
7.990	-0.820310
8.000	-0.820310
8.010	-0.820310
8.020	-0.820310
8.030	-0.820310
8.040	-0.820310
8.050	-0.820310
8.060	-0.820310
8.070	-0.820310
8.080	-0.976560
8.090	-0.976560
8.100	-0.976560
8.110	-0.976560
8.120	-1.171880
8.130	-1.367190
8.140	-1.562500
8.150	-1.601560
8.160	-1.679690
8.170	-1.835940
8.180	-1.835940
8.190	-1.835940
8.200	-1.835940
8.210	-1.835940
8.220	-1.835940
8.230	-1.835940
8.240	-1.835940
8.250	-1.835940
8.260	-1.835940
8.270	-1.835940
8.280	-1.835940
8.290	-1.835940
8.300	-1.835940
8.310	-1.835940
8.320	-1.835940
8.330	-1.835940
8.340	-1.835940
8.350	-1.835940
8.360	-1.835940
8.370	-1.835940
8.380	-1.835940
8.390	-1.835940
8.400	-1.835940
8.410	-1.835940
8.420	-1.835940
8.430	-1.835940
8.440	-1.835940
8.450	-1.835940
8.460	-1.835940
8.470	-1.835940
8.480	-1.835940
8.490	-1.835940
8.500	-1.835940
8.510	-1.835940
8.520	-1.835940
8.530	-1.835940
8.540	-1.718750
8.550	-1.484380
8.560	-1.210940
8.570	-1.132810
8.580	-1.132810
8.590	-1.132810
8.600	-1.132810
8.610	-1.132810
8.620	-1.132810
8.630	-1.132810
8.640	-1.132810
8.650	-1.132810
8.660	-1.132810
8.670	-1.289060
8.680	-1.367190
8.690	-1.406250
8.700	-1.406250
8.710	-1.406250
8.720	-1.406250
8.730	-1.406250
8.740	-1.406250
8.750	-1.640620
8.760	-1.679690
8.770	-1.835940
8.780	-2.031250
8.790	-2.031250
8.800	-2.031250
8.810	-2.031250
8.820	-2.031250
8.830	-2.031250
8.840	-2.031250
8.850	-2.148440
8.860	-2.382810
8.870	-2.382810
8.880	-2.382810
8.890	-2.460940
8.900	-2.539060
8.910	-2.617190
8.920	-2.617190
8.930	-2.617190
8.940	-2.617190
8.950	-2.617190
8.960	-2.734380
8.970	-2.968750
8.980	-3.125000
8.990	-3.164060
9.000	-3.203120
9.010	-3.203120
9.020	-3.203120
9.030	-3.203120
9.040	-3.203120
9.050	-3.203120
9.060	-3.203120
9.070	-3.203120
9.080	-3.203120
9.090	-3.242190
9.100	-3.515620
9.110	-3.710940
9.120	-3.710940
9.130	-3.710940
9.140	-3.710940
9.150	-3.710940
9.160	-3.710940
9.170	-3.750000
9.180	-3.945310
9.190	-4.179690
9.200	-4.179690
9.210	-4.179690
9.220	-4.179690
9.230	-4.296880
9.240	-4.375000
9.250	-4.492190
9.260	-4.570310
9.270	-4.570310
9.280	-4.570310
9.290	-4.570310
9.300	-4.570310
9.310	-4.570310
9.320	-4.570310
9.330	-4.687500
9.340	-4.687500
9.350	-4.687500
9.360	-4.687500
9.370	-4.687500
9.380	-4.687500
9.390	-4.687500
9.400	-4.687500
9.410	-4.687500
9.420	-4.687500
9.430	-4.687500
9.440	-4.687500
9.450	-4.687500
9.460	-4.687500
9.470	-4.687500
9.480	-4.687500
9.490	-4.648440
9.500	-4.648440
9.510	-4.648440
9.520	-4.648440
9.530	-4.648440
9.540	-4.531250
9.550	-4.531250
9.560	-4.492190
9.570	-4.453120
9.580	-4.453120
9.590	-4.453120
9.600	-4.453120
9.610	-4.296880
9.620	-4.257810
9.630	-3.984380
9.640	-3.632810
9.650	-3.281250
9.660	-3.125000
9.670	-2.968750
9.680	-2.773440
9.690	-2.695310
9.700	-2.500000
9.710	-2.187500
9.720	-1.953120
9.730	-1.953120
9.740	-1.953120
9.750	-1.953120
9.760	-1.953120
9.770	-1.953120
9.780	-1.953120
9.790	-1.953120
9.800	-1.953120
9.810	-1.953120
9.820	-1.953120
9.830	-1.953120
9.840	-1.953120
9.850	-1.953120
9.860	-1.953120
9.870	-1.953120
9.880	-1.953120
9.890	-1.953120
9.900	-1.953120
9.910	-1.953120
9.920	-1.953120
9.930	-1.953120
9.940	-1.953120
9.950	-1.953120
9.960	-1.953120
9.970	-1.953120
9.980	-1.953120
9.990	-1.953120
10.000	-1.953120
10.010	-1.953120
10.020	-1.953120
10.030	-1.953120
10.040	-1.953120
10.050	-1.953120
10.060	-1.953120
10.070	-1.953120
10.080	-1.953120
10.090	-1.953120
10.100	-1.953120
10.110	-1.953120
10.120	-1.953120
10.130	-1.953120
10.140	-1.953120
10.150	-1.953120
10.160	-1.953120
10.170	-1.953120
10.180	-1.953120
10.190	-1.953120
10.200	-1.953120
10.210	-1.953120
10.220	-1.953120
10.230	-1.953120
10.240	-1.953120
10.250	-1.796880
10.260	-1.757810
10.270	-1.757810
10.280	-1.757810
10.290	-1.640620
10.300	-1.640620
10.310	-1.640620
10.320	-1.640620
10.330	-1.640620
10.340	-1.640620
10.350	-1.640620
10.360	-1.640620
10.370	-1.640620
10.380	-1.640620
10.390	-1.640620
10.400	-1.640620
10.410	-1.640620
10.420	-1.640620
10.430	-1.640620
10.440	-1.640620
10.450	-1.640620
10.460	-1.640620
10.470	-1.640620
10.480	-1.640620
10.490	-1.640620
10.500	-1.640620
10.510	-1.640620
10.520	-1.640620
10.530	-1.640620
10.540	-1.640620
10.550	-1.640620
10.560	-1.640620
10.570	-1.640620
10.580	-1.640620
10.590	-1.640620
10.600	-1.640620
10.610	-1.640620
10.620	-1.640620
10.630	-1.640620
10.640	-1.640620
10.650	-1.640620
10.660	-1.640620
10.670	-1.640620
10.680	-1.289060
10.690	-1.093750
10.700	-1.054690
10.710	-0.976560
10.720	-0.781250
10.730	-0.703120
10.740	-0.546880
10.750	-0.546880
10.760	-0.546880
10.770	-0.546880
10.780	-0.351560
10.790	-0.273440
10.800	-0.273440
10.810	-0.273440
10.820	-0.273440
10.830	-0.273440
10.840	-0.273440
10.850	-0.273440
10.860	-0.273440
10.870	-0.273440
10.880	-0.273440
10.890	-0.273440
10.900	-0.195310
10.910	-0.156250
10.920	-0.156250
10.930	-0.156250
10.940	-0.156250
10.950	-0.156250
10.960	-0.156250
10.970	0.117190
10.980	0.195310
10.990	0.195310
11.000	0.234380
11.010	0.234380
11.020	0.273440
11.030	0.273440
11.040	0.273440
11.050	0.273440
11.060	0.273440
11.070	0.273440
11.080	0.429690
11.090	0.429690
11.100	0.429690
11.110	0.468750
11.120	0.468750
11.130	0.468750
11.140	0.468750
11.150	0.468750
11.160	0.468750
11.170	0.468750
11.180	0.468750
11.190	0.468750
11.200	0.468750
11.210	0.468750
11.220	0.468750
11.230	0.468750
11.240	0.468750
11.250	0.468750
11.260	0.468750
11.270	0.468750
11.280	0.468750
11.290	0.468750
11.300	0.468750
11.310	0.468750
11.320	0.468750
11.330	0.468750
11.340	0.468750
11.350	0.468750
11.360	0.468750
11.370	0.468750
11.380	0.468750
11.390	0.468750
11.400	0.468750
11.410	0.468750
11.420	0.351560
11.430	0.351560
11.440	0.195310
11.450	0.078120
11.460	0.078120
11.470	0.078120
11.480	0.078120
11.490	-0.039060
11.500	-0.195310
11.510	-0.351560
11.520	-0.429690
11.530	-0.625000
11.540	-0.820310
11.550	-0.820310
11.560	-0.820310
11.570	-0.820310
11.580	-0.820310
11.590	-0.820310
11.600	-0.820310
11.610	-0.820310
11.620	-0.820310
11.630	-0.820310
11.640	-0.820310
11.650	-0.820310
11.660	-0.820310
11.670	-0.937500
11.680	-1.093750
11.690	-1.093750
11.700	-1.093750
11.710	-1.093750
11.720	-1.093750
11.730	-1.093750
11.740	-1.093750
11.750	-1.093750
11.760	-1.093750
11.770	-1.093750
11.780	-1.093750
11.790	-1.093750
11.800	-1.093750
11.810	-1.093750
11.820	-0.937500
11.830	-0.585940
11.840	-0.351560
11.850	-0.312500
11.860	-0.195310
11.870	0.078120
11.880	0.156250
11.890	0.156250
11.900	0.156250
11.910	0.234380
11.920	0.312500
11.930	0.429690
11.940	0.429690
11.950	0.429690
11.960	0.507810
11.970	0.546880
11.980	0.546880
11.990	0.546880
12.000	0.546880
12.010	0.546880
12.020	0.546880
12.030	0.546880
12.040	0.546880
12.050	0.546880
12.060	0.546880
12.070	0.546880
12.080	0.546880
12.090	0.546880
12.100	0.546880
12.110	0.546880
12.120	0.546880
12.130	0.546880
12.140	0.546880
12.150	0.546880
12.160	0.546880
12.170	0.546880
12.180	0.546880
12.190	0.546880
12.200	0.546880
12.210	0.546880
12.220	0.546880
12.230	0.546880
12.240	0.546880
12.250	0.546880
12.260	0.546880
12.270	0.546880
12.280	0.546880
12.290	0.546880
12.300	0.546880
12.310	0.546880
12.320	0.546880
12.330	0.546880
12.340	0.546880
12.350	0.546880
12.360	0.546880
12.370	0.546880
12.380	0.546880
12.390	0.546880
12.400	0.546880
12.410	0.546880
12.420	0.546880
12.430	0.546880
12.440	0.546880
12.450	0.546880
12.460	0.546880
12.470	0.546880
12.480	0.546880
12.490	0.546880
12.500	0.546880
12.510	0.546880
12.520	0.546880
12.530	0.546880
12.540	0.546880
12.550	0.546880
12.560	0.546880
12.570	0.546880
12.580	0.546880
12.590	0.546880
12.600	0.546880
12.610	0.546880
12.620	0.546880
12.630	0.546880
12.640	0.546880
12.650	0.546880
12.660	0.546880
12.670	0.546880
12.680	0.546880
12.690	0.546880
12.700	0.546880
12.710	0.546880
12.720	0.546880
12.730	0.546880
12.740	0.546880
12.750	0.468750
12.760	0.273440
12.770	0.195310
12.780	-0.039060
12.790	-0.156250
12.800	-0.312500
12.810	-0.390620
12.820	-0.390620
12.830	-0.390620
12.840	-0.664060
12.850	-0.859380
12.860	-1.015620
12.870	-1.171880
12.880	-1.367190
12.890	-1.718750
12.900	-1.796880
12.910	-1.796880
12.920	-1.796880
12.930	-1.796880
12.940	-1.796880
12.950	-1.796880
12.960	-1.796880
12.970	-1.796880
12.980	-1.796880
12.990	-1.796880
13.000	-1.796880
13.010	-1.796880
13.020	-1.796880
13.030	-1.796880
13.040	-1.796880
13.050	-1.757810
13.060	-1.718750
13.070	-1.718750
13.080	-1.718750
13.090	-1.718750
13.100	-1.718750
13.110	-1.718750
13.120	-1.718750
13.130	-1.718750
13.140	-1.718750
13.150	-1.718750
13.160	-1.718750
13.170	-1.718750
13.180	-1.718750
13.190	-1.718750
13.200	-1.718750
13.210	-1.718750
13.220	-1.718750
13.230	-1.718750
13.240	-1.718750
13.250	-1.679690
13.260	-1.523440
13.270	-1.503910
13.280	-1.367190
13.290	-1.347660
13.300	-1.347660
13.310	-1.308590
13.320	-1.269530
13.330	-1.269530
13.340	-1.269530
13.350	-1.269530
13.360	-1.269530
13.370	-1.269530
13.380	-1.191410
13.390	-1.074220
13.400	-0.957030
13.410	-0.859380
13.420	-0.859380
13.430	-0.859380
13.440	-0.859380
13.450	-0.859380
13.460	-0.859380
13.470	-0.859380
13.480	-0.859380
13.490	-0.859380
13.500	-0.859380
13.510	-0.859380
13.520	-0.859380
13.530	-0.859380
13.540	-0.859380
13.550	-0.859380
13.560	-0.859380
13.570	-0.859380
13.580	-0.859380
13.590	-0.839840
13.600	-0.839840
13.610	-0.839840
13.620	-0.839840
13.630	-0.839840
13.640	-0.820310
13.650	-0.820310
13.660	-0.820310
13.670	-0.820310
13.680	-0.820310
13.690	-0.820310
13.700	-0.820310
13.710	-0.820310
13.720	-0.820310
13.730	-0.820310
13.740	-0.820310
13.750	-0.820310
13.760	-0.820310
13.770	-0.820310
13.780	-0.820310
13.790	-0.820310
13.800	-0.820310
13.810	-0.820310
13.820	-0.820310
13.830	-0.820310
13.840	-0.820310
13.850	-0.820310
13.860	-0.820310
13.870	-0.820310
13.880	-0.820310
13.890	-0.820310
13.900	-0.820310
13.910	-0.820310
13.920	-0.820310
13.930	-0.820310
13.940	-0.820310
13.950	-0.820310
13.960	-0.820310
13.970	-0.820310
13.980	-0.820310
13.990	-0.820310
14.000	-0.820310
14.010	-0.820310
14.020	-0.820310
14.030	-0.820310
14.040	-0.820310
14.050	-0.820310
14.060	-0.820310
14.070	-0.820310
14.080	-0.820310
14.090	-0.820310
14.100	-0.820310
14.110	-0.820310
14.120	-0.820310
14.130	-0.820310
14.140	-0.820310
14.150	-0.820310
14.160	-0.820310
14.170	-0.820310
14.180	-0.820310
14.190	-0.820310
14.200	-0.820310
14.210	-0.820310
14.220	-0.820310
14.230	-0.820310
14.240	-0.820310
14.250	-0.820310
14.260	-0.820310
14.270	-0.820310
14.280	-0.820310
14.290	-0.820310
14.300	-0.820310
14.310	-0.820310
14.320	-0.820310
14.330	-0.820310
14.340	-0.820310
14.350	-0.820310
14.360	-0.820310
14.370	-0.781250
14.380	-0.703120
14.390	-0.683590
14.400	-0.625000
14.410	-0.546880
14.420	-0.527340
14.430	-0.429690
14.440	-0.332030
14.450	-0.332030
14.460	-0.312500
14.470	-0.234380
14.480	-0.097660
14.490	-0.019530
14.500	-0.019530
14.510	0.039060
14.520	0.136720
14.530	0.214840
14.540	0.234380
14.550	0.312500
14.560	0.312500
14.570	0.312500
14.580	0.312500
14.590	0.351560
14.600	0.390620
14.610	0.390620
14.620	0.390620
14.630	0.390620
14.640	0.390620
14.650	0.390620
14.660	0.390620
14.670	0.390620
14.680	0.390620
14.690	0.390620
14.700	0.390620
14.710	0.390620
14.720	0.390620
14.730	0.390620
14.740	0.390620
14.750	0.390620
14.760	0.390620
14.770	0.390620
14.780	0.390620
14.790	0.390620
14.800	0.390620
14.810	0.390620
14.820	0.390620
14.830	0.390620
14.840	0.390620
14.850	0.449220
14.860	0.449220
14.870	0.449220
14.880	0.449220
14.890	0.449220
14.900	0.449220
14.910	0.449220
14.920	0.488280
14.930	0.625000
14.940	0.722660
14.950	0.761720
14.960	0.761720
14.970	0.820310
14.980	0.820310
14.990	0.820310
15.000	0.878910
15.010	1.015620
15.020	1.015620
15.030	1.015620
15.040	1.035160
15.050	1.093750
15.060	1.250000
15.070	1.269530
15.080	1.269530
15.090	1.269530
15.100	1.269530
15.110	1.269530
15.120	1.269530
15.130	1.269530
15.140	1.406250
15.150	1.484380
15.160	1.484380
15.170	1.484380
15.180	1.484380
15.190	1.484380
15.200	1.484380
15.210	1.484380
15.220	1.484380
15.230	1.562500
15.240	1.562500
15.250	1.562500
15.260	1.562500
15.270	1.562500
15.280	1.601560
15.290	1.621090
15.300	1.816410
15.310	1.894530
15.320	2.089840
15.330	2.226560
15.340	2.285160
15.350	2.363280
15.360	2.539060
15.370	2.675780
15.380	2.792970
15.390	2.871090
15.400	2.988280
15.410	3.085940
15.420	3.222660
15.430	3.320310
15.440	3.417970
15.450	3.476560
15.460	3.554690
15.470	3.652340
15.480	3.710940
15.490	3.789060
15.500	3.945310
15.510	4.082030
15.520	4.121090
15.530	4.277340
15.540	4.414060
15.550	4.492190
15.560	4.492190
15.570	4.492190
15.580	4.492190
15.590	4.609380
15.600	4.628910
15.610	4.648440
15.620	4.667970
15.630	4.667970
15.640	4.765620
15.650	4.882810
15.660	4.941410
15.670	4.941410
15.680	5.058590
15.690	5.175780
15.700	5.175780
15.710	5.175780
15.720	5.175780
15.730	5.234380
15.740	5.273440
15.750	5.371090
15.760	5.371090
15.770	5.371090
15.780	5.468750
15.790	5.566410
15.800	5.722660
15.810	5.800780
15.820	5.898440
15.830	5.957030
15.840	6.035160
15.850	6.113280
15.860	6.152340
15.870	6.171880
15.880	6.191410
15.890	6.230470
15.900	6.386720
15.910	6.464840
15.920	6.523440
15.930	6.523440
15.940	6.523440
15.950	6.523440
15.960	6.523440
15.970	6.640620
15.980	6.679690
15.990	6.679690
16.000	6.777340
16.010	6.816410
16.020	6.816410
16.030	6.816410
16.040	6.855470
16.050	6.875000
16.060	6.875000
16.070	6.953120
16.080	7.070310
16.090	7.207030
16.100	7.265620
16.110	7.421880
16.120	7.421880
16.130	7.421880
16.140	7.421880
16.150	7.421880
16.160	7.460940
16.170	7.460940
16.180	7.460940
16.190	7.480470
16.200	7.519530
16.210	7.519530
16.220	7.519530
16.230	7.519530
16.240	7.519530
16.250	7.519530
16.260	7.519530
16.270	7.519530
16.280	7.519530
16.290	7.519530
16.300	7.519530
16.310	7.519530
16.320	7.519530
16.330	7.519530
16.340	7.519530
16.350	7.519530
16.360	7.519530
16.370	7.519530
16.380	7.519530
16.390	7.519530
16.400	7.519530
16.410	7.519530
16.420	7.519530
16.430	7.519530
16.440	7.519530
16.450	7.519530
16.460	7.519530
16.470	7.519530
16.480	7.519530
16.490	7.519530
16.500	7.519530
16.510	7.519530
16.520	7.519530
16.530	7.519530
16.540	7.519530
16.550	7.519530
16.560	7.519530
16.570	7.519530
16.580	7.519530
16.590	7.519530
16.600	7.519530
16.610	7.519530
16.620	7.519530
16.630	7.519530
16.640	7.519530
16.650	7.519530
16.660	7.519530
16.670	7.519530
16.680	7.519530
16.690	7.519530
16.700	7.519530
16.710	7.519530
16.720	7.519530
16.730	7.519530
16.740	7.519530
16.750	7.519530
16.760	7.519530
16.770	7.441410
16.780	7.402340
16.790	7.402340
16.800	7.402340
16.810	7.402340
16.820	7.402340
16.830	7.402340
16.840	7.402340
16.850	7.402340
16.860	7.402340
16.870	7.402340
16.880	7.402340
16.890	7.402340
16.900	7.402340
16.910	7.402340
16.920	7.402340
16.930	7.402340
16.940	7.402340
16.950	7.402340
16.960	7.402340
16.970	7.402340
16.980	7.402340
16.990	7.402340
17.000	7.402340
17.010	7.402340
17.020	7.402340
17.030	7.402340
17.040	7.402340
17.050	7.402340
17.060	7.402340
17.070	7.402340
17.080	7.402340
17.090	7.402340
17.100	7.402340
17.110	7.343750
17.120	7.304690
17.130	7.265620
17.140	7.265620
17.150	7.265620
17.160	7.265620
17.170	7.187500
17.180	7.167970
17.190	7.167970
17.200	7.167970
17.210	7.167970
17.220	7.167970
17.230	7.167970
17.240	7.167970
17.250	7.148440
17.260	7.109380
17.270	7.050780
17.280	7.050780
17.290	7.031250
17.300	6.972660
17.310	6.855470
17.320	6.835940
17.330	6.835940
17.340	6.835940
17.350	6.835940
17.360	6.835940
17.370	6.835940
17.380	6.835940
17.390	6.835940
17.400	6.835940
17.410	6.835940
17.420	6.835940
17.430	6.835940
17.440	6.835940
17.450	6.835940
17.460	6.835940
17.470	6.835940
17.480	6.835940
17.490	6.835940
17.500	6.835940
17.510	6.835940
17.520	6.835940
17.530	6.835940
17.540	6.835940
17.550	6.835940
17.560	6.835940
17.570	6.835940
17.580	6.835940
17.590	6.835940
17.600	6.835940
17.610	6.835940
17.620	6.835940
17.630	6.835940
17.640	6.835940
17.650	6.835940
17.660	6.835940
17.670	6.835940
17.680	6.835940
17.690	6.835940
17.700	6.835940
17.710	6.835940
17.720	6.835940
17.730	6.835940
17.740	6.835940
17.750	6.835940
17.760	6.835940
17.770	6.835940
17.780	6.835940
17.790	6.835940
17.800	6.835940
17.810	6.835940
17.820	6.835940
17.830	6.835940
17.840	6.835940
17.850	6.835940
17.860	6.835940
17.870	6.835940
17.880	6.835940
17.890	6.835940
17.900	6.835940
17.910	6.835940
17.920	6.835940
17.930	6.835940
17.940	6.835940
17.950	6.835940
17.960	6.835940
17.970	6.835940
17.980	6.835940
17.990	6.835940
18.000	6.835940
18.010	6.835940
18.020	6.835940
18.030	6.835940
18.040	6.835940
18.050	6.835940
18.060	6.835940
18.070	6.835940
18.080	6.835940
18.090	6.835940
18.100	6.835940
18.110	6.835940
18.120	6.835940
18.130	6.835940
18.140	6.835940
18.150	6.835940
18.160	6.835940
18.170	6.835940
18.180	6.835940
18.190	6.835940
18.200	6.835940
18.210	6.835940
18.220	6.835940
18.230	6.835940
18.240	6.835940
18.250	6.835940
18.260	6.835940
18.270	6.835940
18.280	6.835940
18.290	6.835940
18.300	6.835940
18.310	6.835940
18.320	6.835940
18.330	6.835940
18.340	6.835940
18.350	6.835940
18.360	6.835940
18.370	6.835940
18.380	6.835940
18.390	6.835940
18.400	6.835940
18.410	6.835940
18.420	6.835940
18.430	6.835940
18.440	6.835940
18.450	6.835940
18.460	6.835940
18.470	6.835940
18.480	6.835940
18.490	6.835940
18.500	6.835940
18.510	6.660160
18.520	6.621090
18.530	6.601560
18.540	6.562500
18.550	6.562500
18.560	6.562500
18.570	6.562500
18.580	6.562500
18.590	6.562500
18.600	6.542970
18.610	6.542970
18.620	6.484380
18.630	6.367190
18.640	6.347660
18.650	6.347660
18.660	6.347660
18.670	6.347660
18.680	6.347660
18.690	6.347660
18.700	6.347660
18.710	6.347660
18.720	6.347660
18.730	6.347660
18.740	6.347660
18.750	6.347660
18.760	6.347660
18.770	6.347660
18.780	6.347660
18.790	6.347660
18.800	6.347660
18.810	6.347660
18.820	6.347660
18.830	6.347660
18.840	6.347660
18.850	6.347660
18.860	6.347660
18.870	6.347660
18.880	6.347660
18.890	6.347660
18.900	6.347660
18.910	6.347660
18.920	6.347660
18.930	6.347660
18.940	6.347660
18.950	6.347660
18.960	6.347660
18.970	6.347660
18.980	6.347660
18.990	6.347660
19.000	6.386720
19.010	6.406250
19.020	6.406250
19.030	6.406250
19.040	6.406250
19.050	6.445310
19.060	6.445310
19.070	6.445310
19.080	6.445310
19.090	6.445310
19.100	6.445310
19.110	6.445310
19.120	6.445310
19.130	6.445310
19.140	6.445310
19.150	6.445310
19.160	6.445310
19.170	6.445310
19.180	6.445310
19.190	6.445310
19.200	6.445310
19.210	6.445310
19.220	6.445310
19.230	6.445310
19.240	6.445310
19.250	6.445310
19.260	6.445310
19.270	6.445310
19.280	6.445310
19.290	6.445310
19.300	6.445310
19.310	6.445310
19.320	6.445310
19.330	6.445310
19.340	6.445310
19.350	6.445310
19.360	6.445310
19.370	6.445310
19.380	6.445310
19.390	6.445310
19.400	6.445310
19.410	6.445310
19.420	6.445310
19.430	6.445310
19.440	6.445310
19.450	6.445310
19.460	6.445310
19.470	6.445310
19.480	6.445310
19.490	6.445310
19.500	6.445310
19.510	6.445310
19.520	6.445310
19.530	6.445310
19.540	6.445310
19.550	6.445310
19.560	6.445310
19.570	6.445310
19.580	6.445310
19.590	6.445310
19.600	6.445310
19.610	6.445310
19.620	6.445310
19.630	6.445310
19.640	6.445310
19.650	6.445310
19.660	6.445310
19.670	6.445310
19.680	6.445310
19.690	6.445310
19.700	6.445310
19.710	6.445310
19.720	6.445310
19.730	6.445310
19.740	6.445310
19.750	6.445310
19.760	6.445310
19.770	6.445310
19.780	6.445310
19.790	6.445310
19.800	6.445310
19.810	6.445310
19.820	6.445310
19.830	6.464840
19.840	6.464840
19.850	6.464840
19.860	6.464840
19.870	6.464840
19.880	6.464840
19.890	6.464840
19.900	6.464840
19.910	6.464840
19.920	6.464840
19.930	6.523440
19.940	6.640620
19.950	6.640620
19.960	6.640620
19.970	6.640620
19.980	6.640620
19.990	6.640620
20.000	6.640620
20.010	6.640620
20.020	6.640620
20.030	6.640620
20.040	6.640620
20.050	6.640620
20.060	6.640620
20.070	6.640620
20.080	6.640620
20.090	6.640620
20.100	6.640620
20.110	6.640620
20.120	6.640620
20.130	6.640620
20.140	6.640620
20.150	6.640620
20.160	6.640620
20.170	6.640620
20.180	6.640620
20.190	6.640620
20.200	6.640620
20.210	6.640620
20.220	6.640620
20.230	6.640620
20.240	6.640620
20.250	6.640620
20.260	6.640620
20.270	6.640620
20.280	6.640620
20.290	6.640620
20.300	6.640620
20.310	6.640620
20.320	6.640620
20.330	6.640620
20.340	6.640620
20.350	6.640620
20.360	6.640620
20.370	6.640620
20.380	6.640620
20.390	6.640620
20.400	6.679690
20.410	6.679690
20.420	6.679690
20.430	6.679690
20.440	6.679690
20.450	6.679690
20.460	6.679690
20.470	6.679690
20.480	6.679690
20.490	6.679690
20.500	6.679690
20.510	6.660160
20.520	6.562500
20.530	6.562500
20.540	6.523440
20.550	6.367190
20.560	6.347660
20.570	6.347660
20.580	6.347660
20.590	6.347660
20.600	6.347660
20.610	6.347660
20.620	6.347660
20.630	6.347660
20.640	6.347660
20.650	6.347660
20.660	6.347660
20.670	6.347660
20.680	6.347660
20.690	6.347660
20.700	6.347660
20.710	6.347660
20.720	6.250000
20.730	6.191410
20.740	6.035160
20.750	5.957030
20.760	5.820310
20.770	5.761720
20.780	5.742190
20.790	5.742190
20.800	5.625000
20.810	5.585940
20.820	5.585940
20.830	5.585940
20.840	5.566410
20.850	5.507810
20.860	5.507810
20.870	5.507810
20.880	5.507810
20.890	5.488280
20.900	5.488280
20.910	5.488280
20.920	5.488280
20.930	5.371090
20.940	5.332030
20.950	5.292970
20.960	5.253910
20.970	5.156250
20.980	5.156250
20.990	5.156250
21.000	5.156250
21.010	5.156250
21.020	5.000000
21.030	4.960940
21.040	4.960940
21.050	4.960940
21.060	4.960940
21.070	4.960940
21.080	4.960940
21.090	4.921880
21.100	4.863280
21.110	4.863280
21.120	4.824220
21.130	4.746090
21.140	4.726560
21.150	4.726560
21.160	4.726560
21.170	4.628910
21.180	4.609380
21.190	4.609380
21.200	4.609380
21.210	4.609380
21.220	4.609380
21.230	4.609380
21.240	4.609380
21.250	4.609380
21.260	4.609380
21.270	4.609380
21.280	4.472660
21.290	4.472660
21.300	4.414060
21.310	4.355470
21.320	4.296880
21.330	4.296880
21.340	4.277340
21.350	4.140620
21.360	4.023440
21.370	3.886720
21.380	3.886720
21.390	3.886720
21.400	3.886720
21.410	3.886720
21.420	3.886720
21.430	3.886720
21.440	3.886720
21.450	3.886720
21.460	3.886720
21.470	3.886720
21.480	3.886720
21.490	3.886720
21.500	3.886720
21.510	3.886720
21.520	3.886720
21.530	3.886720
21.540	3.886720
21.550	3.886720
21.560	3.886720
21.570	3.886720
21.580	3.886720
21.590	3.886720
21.600	3.886720
21.610	3.886720
21.620	3.886720
21.630	3.886720
21.640	3.886720
21.650	3.886720
21.660	3.886720
21.670	3.886720
21.680	3.886720
21.690	3.886720
21.700	3.886720
21.710	3.886720
21.720	3.886720
21.730	3.886720
21.740	3.886720
21.750	3.886720
21.760	3.886720
21.770	3.886720
21.780	3.886720
21.790	3.886720
21.800	3.808590
21.810	3.710940
21.820	3.574220
21.830	3.554690
21.840	3.554690
21.850	3.554690
21.860	3.554690
21.870	3.554690
21.880	3.554690
21.890	3.554690
21.900	3.554690
21.910	3.554690
21.920	3.554690
21.930	3.554690
21.940	3.554690
21.950	3.554690
21.960	3.554690
21.970	3.554690
21.980	3.554690
21.990	3.476560
22.000	3.398440
22.010	3.398440
22.020	3.398440
22.030	3.378910
22.040	3.320310
22.050	3.320310
22.060	3.261720
22.070	3.164060
22.080	3.164060
22.090	3.164060
22.100	3.085940
22.110	3.066410
22.120	3.007810
22.130	3.007810
22.140	3.007810
22.150	3.007810
22.160	3.007810
22.170	3.007810
22.180	3.007810
22.190	3.007810
22.200	3.007810
22.210	2.978520
22.220	2.929690
22.230	2.929690
22.240	2.929690
22.250	2.929690
22.260	2.929690
22.270	2.929690
22.280	2.929690
22.290	2.929690
22.300	2.929690
22.310	2.929690
22.320	2.929690
22.330	2.929690
22.340	2.929690
22.350	2.929690
22.360	2.929690
22.370	2.929690
22.380	2.929690
22.390	2.929690
22.400	2.929690
22.410	2.890620
22.420	2.841800
22.430	2.783200
22.440	2.753910
22.450	2.753910
22.460	2.714840
22.470	2.714840
22.480	2.646480
22.490	2.597660
22.500	2.558590
22.510	2.558590
22.520	2.558590
22.530	2.558590
22.540	2.548830
22.550	2.539060
22.560	2.539060
22.570	2.539060
22.580	2.519530
22.590	2.500000
22.600	2.500000
22.610	2.470700
22.620	2.470700
22.630	2.460940
22.640	2.382810
22.650	2.304690
22.660	2.304690
22.670	2.275390
22.680	2.246090
22.690	2.236330
22.700	2.167970
22.710	2.089840
22.720	2.060550
22.730	2.060550
22.740	2.060550
22.750	2.060550
22.760	2.021480
22.770	1.992190
22.780	1.992190
22.790	1.982420
22.800	1.982420
22.810	1.904300
22.820	1.904300
22.830	1.904300
22.840	1.904300
22.850	1.904300
22.860	1.904300
22.870	1.904300
22.880	1.904300
22.890	1.904300
22.900	1.904300
22.910	1.894530
22.920	1.826170
22.930	1.796880
22.940	1.796880
22.950	1.796880
22.960	1.796880
22.970	1.796880
22.980	1.796880
22.990	1.796880
23.000	1.796880
23.010	1.796880
23.020	1.796880
23.030	1.796880
23.040	1.787110
23.050	1.738280
23.060	1.738280
23.070	1.728520
23.080	1.718750
23.090	1.718750
23.100	1.718750
23.110	1.708980
23.120	1.650390
23.130	1.640620
23.140	1.640620
23.150	1.640620
23.160	1.640620
23.170	1.611330
23.180	1.591800
23.190	1.591800
23.200	1.591800
23.210	1.591800
23.220	1.591800
23.230	1.591800
23.240	1.591800
23.250	1.591800
23.260	1.591800
23.270	1.591800
23.280	1.591800
23.290	1.591800
23.300	1.591800
23.310	1.591800
23.320	1.591800
23.330	1.591800
23.340	1.591800
23.350	1.591800
23.360	1.591800
23.370	1.591800
23.380	1.591800
23.390	1.591800
23.400	1.591800
23.410	1.591800
23.420	1.591800
23.430	1.591800
23.440	1.591800
23.450	1.591800
23.460	1.591800
23.470	1.591800
23.480	1.591800
23.490	1.591800
23.500	1.591800
23.510	1.591800
23.520	1.591800
23.530	1.591800
23.540	1.591800
23.550	1.591800
23.560	1.591800
23.570	1.591800
23.580	1.591800
23.590	1.591800
23.600	1.591800
23.610	1.591800
23.620	1.591800
23.630	1.533200
23.640	1.523440
23.650	1.503910
23.660	1.503910
23.670	1.464840
23.680	1.445310
23.690	1.425780
23.700	1.367190
23.710	1.298830
23.720	1.220700
23.730	1.181640
23.740	1.152340
23.750	1.152340
23.760	1.152340
23.770	1.152340
23.780	1.152340
23.790	1.152340
23.800	1.093750
23.810	1.054690
23.820	1.054690
23.830	1.054690
23.840	1.054690
23.850	1.054690
23.860	1.054690
23.870	1.054690
23.880	1.015620
23.890	0.976560
23.900	0.957030
23.910	0.957030
23.920	0.957030
23.930	0.957030
23.940	0.957030
23.950	0.947270
23.960	0.898440
23.970	0.898440
23.980	0.859380
23.990	0.859380
24.000	0.849610
24.010	0.820310
24.020	0.771480
24.030	0.761720
24.040	0.712890
24.050	0.703120
24.060	0.693360
24.070	0.693360
24.080	0.693360
24.090	0.693360
24.100	0.693360
24.110	0.693360
24.120	0.693360
24.130	0.664060
24.140	0.664060
24.150	0.664060
24.160	0.664060
24.170	0.664060
24.180	0.664060
24.190	0.664060
24.200	0.664060
24.210	0.664060
24.220	0.664060
24.230	0.664060
24.240	0.664060
24.250	0.664060
24.260	0.664060
24.270	0.664060
24.280	0.664060
24.290	0.664060
24.300	0.664060
24.310	0.664060
24.320	0.664060
24.330	0.664060
24.340	0.664060
24.350	0.664060
24.360	0.664060
24.370	0.664060
24.380	0.664060
24.390	0.664060
24.400	0.664060
24.410	0.664060
24.420	0.664060
24.430	0.664060
24.440	0.664060
24.450	0.664060
24.460	0.664060
24.470	0.664060
24.480	0.664060
24.490	0.664060
24.500	0.664060
24.510	0.664060
24.520	0.664060
24.530	0.664060
24.540	0.664060
24.550	0.664060
24.560	0.664060
24.570	0.664060
24.580	0.664060
24.590	0.664060
24.600	0.664060
24.610	0.664060
24.620	0.664060
24.630	0.664060
24.640	0.664060
24.650	0.664060
24.660	0.664060
24.670	0.664060
24.680	0.664060
24.690	0.664060
24.700	0.664060
24.710	0.634770
24.720	0.595700
24.730	0.595700
24.740	0.576170
24.750	0.566410
24.760	0.566410
24.770	0.566410
24.780	0.566410
24.790	0.566410
24.800	0.566410
24.810	0.566410
24.820	0.566410
24.830	0.566410
24.840	0.566410
24.850	0.566410
24.860	0.566410
24.870	0.566410
24.880	0.566410
24.890	0.566410
24.900	0.566410
24.910	0.537110
24.920	0.507810
24.930	0.439450
24.940	0.419920
24.950	0.390620
24.960	0.390620
24.970	0.390620
24.980	0.390620
24.990	0.390620
25.000	0.390620
25.010	0.390620
25.020	0.390620
25.030	0.390620
25.040	0.390620
25.050	0.390620
25.060	0.371090
25.070	0.371090
25.080	0.371090
25.090	0.371090
25.100	0.371090
25.110	0.371090
25.120	0.371090
25.130	0.371090
25.140	0.371090
25.150	0.371090
25.160	0.371090
25.170	0.371090
25.180	0.371090
25.190	0.371090
25.200	0.332030
25.210	0.263670
25.220	0.244140
25.230	0.244140
25.240	0.224610
25.250	0.214840
25.260	0.146480
25.270	0.146480
25.280	0.117190
25.290	0.078120
25.300	0.048830
25.310	0.048830
25.320	0.019530
25.330	0.009770
25.340	0.009770
25.350	0.009770
25.360	0.009770
25.370	0.009770
25.380	0.009770
25.390	0.009770
25.400	0.009770
25.410	0.009770
25.420	0.009770
25.430	0.009770
25.440	0.009770
25.450	0.009770
25.460	0.009770
25.470	0.009770
25.480	0.009770
25.490	0.009770
25.500	0.009770
25.510	0.009770
25.520	0.009770
25.530	0.009770
25.540	0.009770
25.550	0.009770
25.560	0.009770
25.570	0.078120
25.580	0.156250
25.590	0.195310
25.600	0.214840
25.610	0.283200
25.620	0.283200
25.630	0.292970
25.640	0.322270
25.650	0.341800
25.660	0.390620
25.670	0.478520
25.680	0.498050
25.690	0.498050
25.700	0.498050
25.710	0.498050
25.720	0.498050
25.730	0.498050
25.740	0.498050
25.750	0.498050
25.760	0.498050
25.770	0.498050
25.780	0.498050
25.790	0.498050
25.800	0.498050
25.810	0.498050
25.820	0.498050
25.830	0.498050
25.840	0.498050
25.850	0.498050
25.860	0.498050
25.870	0.498050
25.880	0.498050
25.890	0.498050
25.900	0.498050
25.910	0.498050
25.920	0.498050
25.930	0.498050
25.940	0.488280
25.950	0.468750
25.960	0.468750
25.970	0.468750
25.980	0.468750
25.990	0.468750
26.000	0.468750
26.010	0.468750
26.020	0.468750
26.030	0.468750
26.040	0.468750
26.050	0.468750
26.060	0.468750
26.070	0.468750
26.080	0.468750
26.090	0.468750
26.100	0.468750
26.110	0.468750
26.120	0.468750
26.130	0.468750
26.140	0.468750
26.150	0.468750
26.160	0.468750
26.170	0.468750
26.180	0.468750
26.190	0.468750
26.200	0.468750
26.210	0.488280
26.220	0.507810
26.230	0.507810
26.240	0.507810
26.250	0.507810
26.260	0.507810
26.270	0.507810
26.280	0.507810
26.290	0.507810
26.300	0.507810
26.310	0.507810
26.320	0.507810
26.330	0.507810
26.340	0.507810
26.350	0.507810
26.360	0.507810
26.370	0.507810
26.380	0.507810
26.390	0.507810
26.400	0.507810
26.410	0.517580
26.420	0.556640
26.430	0.605470
26.440	0.605470
26.450	0.605470
26.460	0.605470
26.470	0.605470
26.480	0.605470
26.490	0.605470
26.500	0.605470
26.510	0.605470
26.520	0.605470
26.530	0.605470
26.540	0.605470
26.550	0.605470
26.560	0.605470
26.570	0.605470
26.580	0.605470
26.590	0.605470
26.600	0.605470
26.610	0.605470
26.620	0.605470
26.630	0.605470
26.640	0.605470
26.650	0.605470
26.660	0.605470
26.670	0.605470
26.680	0.605470
26.690	0.605470
26.700	0.605470
26.710	0.605470
26.720	0.605470
26.730	0.605470
26.740	0.605470
26.750	0.615230
26.760	0.644530
26.770	0.654300
26.780	0.664060
26.790	0.664060
26.800	0.664060
26.810	0.664060
26.820	0.664060
26.830	0.664060
26.840	0.664060
26.850	0.664060
26.860	0.664060
26.870	0.664060
26.880	0.664060
26.890	0.664060
26.900	0.664060
26.910	0.664060
26.920	0.664060
26.930	0.664060
26.940	0.703120
26.950	0.761720
26.960	0.761720
26.970	0.761720
26.980	0.761720
26.990	0.761720
27.000	0.761720
27.010	0.761720
27.020	0.761720
27.030	0.761720
27.040	0.761720
27.050	0.761720
27.060	0.761720
27.070	0.761720
27.080	0.761720
27.090	0.761720
27.100	0.761720
27.110	0.761720
27.120	0.761720
27.130	0.761720
27.140	0.761720
27.150	0.761720
27.160	0.761720
27.170	0.761720
27.180	0.761720
27.190	0.761720
27.200	0.761720
27.210	0.722660
27.220	0.722660
27.230	0.673830
27.240	0.595700
27.250	0.576170
27.260	0.566410
27.270	0.527340
27.280	0.449220
27.290	0.429690
27.300	0.429690
27.310	0.429690
27.320	0.410160
27.330	0.390620
27.340	0.390620
27.350	0.390620
27.360	0.390620
27.370	0.390620
27.380	0.390620
27.390	0.390620
27.400	0.390620
27.410	0.390620
27.420	0.390620
27.430	0.390620
27.440	0.390620
27.450	0.390620
27.460	0.390620
27.470	0.390620
27.480	0.390620
27.490	0.390620
27.500	0.390620
27.510	0.390620
27.520	0.380860
27.530	0.380860
27.540	0.380860
27.550	0.371090
27.560	0.302730
27.570	0.253910
27.580	0.185550
27.590	0.156250
27.600	0.136720
27.610	0.097660
27.620	0.019530
27.630	-0.029300
27.640	-0.048830
27.650	-0.107420
27.660	-0.126950
27.670	-0.156250
27.680	-0.156250
27.690	-0.156250
27.700	-0.166020
27.710	-0.224610
27.720	-0.224610
27.730	-0.224610
27.740	-0.224610
27.750	-0.224610
27.760	-0.224610
27.770	-0.224610
27.780	-0.224610
27.790	-0.234380
27.800	-0.263670
27.810	-0.322270
27.820	-0.361330
27.830	-0.361330
27.840	-0.361330
27.850	-0.361330
27.860	-0.361330
27.870	-0.361330
27.880	-0.361330
27.890	-0.361330
27.900	-0.361330
27.910	-0.361330
27.920	-0.361330
27.930	-0.361330
27.940	-0.361330
27.950	-0.361330
27.960	-0.361330
27.970	-0.361330
27.980	-0.361330
27.990	-0.361330
28.000	-0.380860
28.010	-0.410160
28.020	-0.410160
28.030	-0.458980
28.040	-0.458980
28.050	-0.498050
28.060	-0.498050
28.070	-0.498050
28.080	-0.498050
28.090	-0.498050
28.100	-0.498050
28.110	-0.498050
28.120	-0.498050
28.130	-0.498050
28.140	-0.498050
28.150	-0.498050
28.160	-0.498050
28.170	-0.498050
28.180	-0.498050
28.190	-0.498050
28.200	-0.498050
28.210	-0.498050
28.220	-0.498050
28.230	-0.498050
28.240	-0.498050
28.250	-0.498050
28.260	-0.498050
28.270	-0.498050
28.280	-0.498050
28.290	-0.498050
28.300	-0.498050
28.310	-0.498050
28.320	-0.498050
28.330	-0.507810
28.340	-0.556640
28.350	-0.556640
28.360	-0.615230
28.370	-0.654300
28.380	-0.673830
28.390	-0.703120
28.400	-0.732420
28.410	-0.732420
28.420	-0.732420
28.430	-0.800780
28.440	-0.810550
28.450	-0.849610
28.460	-0.878910
28.470	-0.937500
28.480	-0.966800
28.490	-0.966800
28.500	-0.966800
28.510	-0.966800
28.520	-0.966800
28.530	-0.966800
28.540	-0.966800
28.550	-0.966800
28.560	-0.966800
28.570	-0.966800
28.580	-0.966800
28.590	-0.966800
28.600	-0.957030
28.610	-0.927730
28.620	-0.917970
28.630	-0.917970
28.640	-0.878910
28.650	-0.869140
28.660	-0.869140
28.670	-0.869140
28.680	-0.869140
28.690	-0.869140
28.700	-0.869140
28.710	-0.869140
28.720	-0.869140
28.730	-0.869140
28.740	-0.869140
28.750	-0.869140
28.760	-0.869140
28.770	-0.869140
28.780	-0.869140
28.790	-0.869140
28.800	-0.869140
28.810	-0.869140
28.820	-0.869140
28.830	-0.869140
28.840	-0.869140
28.850	-0.869140
28.860	-0.869140
28.870	-0.869140
28.880	-0.869140
28.890	-0.869140
28.900	-0.869140
28.910	-0.869140
28.920	-0.869140
28.930	-0.869140
28.940	-0.869140
28.950	-0.869140
28.960	-0.869140
28.970	-0.869140
28.980	-0.869140
28.990	-0.869140
29.000	-0.869140
29.010	-0.869140
29.020	-0.869140
29.030	-0.869140
29.040	-0.869140
29.050	-0.869140
29.060	-0.869140
29.070	-0.869140
29.080	-0.869140
29.090	-0.869140
29.100	-0.869140
29.110	-0.869140
29.120	-0.869140
29.130	-0.869140
29.140	-0.869140
29.150	-0.869140
29.160	-0.869140
29.170	-0.869140
29.180	-0.830080
29.190	-0.830080
29.200	-0.830080
29.210	-0.830080
29.220	-0.830080
29.230	-0.830080
29.240	-0.830080
29.250	-0.830080
29.260	-0.830080
29.270	-0.830080
29.280	-0.830080
29.290	-0.830080
29.300	-0.830080
29.310	-0.830080
29.320	-0.830080
29.330	-0.830080
29.340	-0.830080
29.350	-0.830080
29.360	-0.810550
29.370	-0.800780
29.380	-0.751950
29.390	-0.742190
29.400	-0.742190
29.410	-0.742190
29.420	-0.742190
29.430	-0.732420
29.440	-0.703120
29.450	-0.654300
29.460	-0.625000
29.470	-0.625000
29.480	-0.625000
29.490	-0.625000
29.500	-0.625000
29.510	-0.625000
29.520	-0.625000
29.530	-0.625000
29.540	-0.625000
29.550	-0.625000
29.560	-0.625000
29.570	-0.625000
29.580	-0.625000
29.590	-0.625000
29.600	-0.625000
29.610	-0.625000
29.620	-0.625000
29.630	-0.625000
29.640	-0.625000
29.650	-0.625000
29.660	-0.625000
29.670	-0.625000
29.680	-0.625000
29.690	-0.625000
29.700	-0.625000
29.710	-0.625000
29.720	-0.625000
29.730	-0.625000
29.740	-0.625000
29.750	-0.595700
29.760	-0.595700
29.770	-0.595700
29.780	-0.546880
29.790	-0.537110
29.800	-0.478520
29.810	-0.439450
29.820	-0.439450
29.830	-0.429690
29.840	-0.410160
29.850	-0.410160
29.860	-0.410160
29.870	-0.410160
29.880	-0.410160
29.890	-0.410160
29.900	-0.410160
29.910	-0.410160
29.920	-0.410160
29.930	-0.410160
29.940	-0.410160
29.950	-0.410160
29.960	-0.410160
29.970	-0.410160
29.980	-0.410160
29.990	-0.380860
30.000	-0.332030
30.010	-0.292970
30.020	-0.283200
30.030	-0.283200
30.040	-0.273440
30.050	-0.253910
30.060	-0.253910
30.070	-0.253910
30.080	-0.224610
30.090	-0.166020
30.100	-0.166020
30.110	-0.166020
30.120	-0.166020
30.130	-0.166020
30.140	-0.166020
30.150	-0.166020
30.160	-0.166020
30.170	-0.166020
30.180	-0.166020
30.190	-0.166020
30.200	-0.166020
30.210	-0.166020
30.220	-0.166020
30.230	-0.166020
30.240	-0.166020
30.250	-0.166020
30.260	-0.166020
30.270	-0.166020
30.280	-0.166020
30.290	-0.166020
30.300	-0.166020
30.310	-0.166020
30.320	-0.166020
30.330	-0.166020
30.340	-0.166020
30.350	-0.166020
30.360	-0.166020
30.370	-0.166020
30.380	-0.166020
30.390	-0.166020
30.400	-0.166020
30.410	-0.166020
30.420	-0.166020
30.430	-0.166020
30.440	-0.166020
30.450	-0.166020
30.460	-0.166020
30.470	-0.166020
30.480	-0.166020
30.490	-0.166020
30.500	-0.166020
30.510	-0.166020
30.520	-0.166020
30.530	-0.166020
30.540	-0.166020
30.550	-0.166020
30.560	-0.166020
30.570	-0.166020
30.580	-0.166020
30.590	-0.166020
30.600	-0.166020
30.610	-0.166020
30.620	-0.166020
30.630	-0.166020
30.640	-0.166020
30.650	-0.166020
30.660	-0.166020
30.670	-0.166020
30.680	-0.166020
30.690	-0.166020
30.700	-0.166020
30.710	-0.166020
30.720	-0.166020
30.730	-0.166020
30.740	-0.166020
30.750	-0.166020
30.760	-0.166020
30.770	-0.166020
30.780	-0.166020
30.790	-0.166020
30.800	-0.146480
30.810	-0.107420
30.820	-0.107420
30.830	-0.048830
30.840	-0.009770
30.850	0.000000
30.860	0.029300
30.870	0.029300
30.880	0.029300
30.890	0.029300
30.900	0.029300
30.910	0.029300
30.920	0.029300
30.930	0.029300
30.940	0.029300
30.950	0.029300
30.960	0.029300
30.970	0.029300
30.980	0.029300
30.990	0.029300
31.000	0.029300
31.010	0.029300
31.020	0.029300
31.030	0.029300
31.040	0.029300
31.050	0.029300
31.060	0.029300
31.070	0.029300
31.080	0.029300
31.090	0.029300
31.100	0.029300
31.110	0.029300
31.120	0.029300
31.130	0.039060
31.140	0.048830
31.150	0.107420
31.160	0.117190
31.170	0.166020
31.180	0.185550
31.190	0.185550
31.200	0.185550
31.210	0.185550
31.220	0.185550
31.230	0.185550
31.240	0.185550
31.250	0.185550
31.260	0.185550
31.270	0.185550
31.280	0.185550
31.290	0.185550
31.300	0.185550
31.310	0.185550
31.320	0.185550
31.330	0.185550
31.340	0.185550
31.350	0.185550
31.360	0.185550
31.370	0.185550
31.380	0.185550
31.390	0.185550
31.400	0.185550
31.410	0.185550
31.420	0.185550
31.430	0.185550
31.440	0.185550
31.450	0.185550
31.460	0.185550
31.470	0.185550
31.480	0.185550
31.490	0.185550
31.500	0.185550
31.510	0.185550
31.520	0.185550
31.530	0.205080
31.540	0.253910
31.550	0.253910
31.560	0.253910
31.570	0.253910
31.580	0.253910
31.590	0.253910
31.600	0.253910
31.610	0.253910
31.620	0.253910
31.630	0.253910
31.640	0.253910
31.650	0.253910
31.660	0.253910
31.670	0.253910
31.680	0.253910
31.690	0.253910
31.700	0.253910
31.710	0.253910
31.720	0.253910
31.730	0.253910
31.740	0.253910
31.750	0.253910
31.760	0.253910
31.770	0.253910
31.780	0.253910
31.790	0.253910
31.800	0.253910
31.810	0.253910
31.820	0.253910
31.830	0.273440
31.840	0.302730
31.850	0.361330
31.860	0.419920
31.870	0.449220
31.880	0.478520
31.890	0.478520
31.900	0.478520
31.910	0.478520
31.920	0.478520
31.930	0.527340
31.940	0.595700
31.950	0.605470
31.960	0.605470
31.970	0.634770
31.980	0.693360
31.990	0.732420
32.000	0.761720
32.010	0.771480
32.020	0.791020
32.030	0.791020
32.040	0.791020
32.050	0.810550
32.060	0.883790
32.070	0.913090
32.080	0.957030
32.090	0.996090
32.100	0.996090
32.110	0.996090
32.120	0.996090
32.130	0.996090
32.140	0.996090
32.150	0.996090
32.160	0.996090
32.170	0.996090
32.180	0.996090
32.190	0.996090
32.200	0.996090
32.210	0.996090
32.220	0.996090
32.230	0.996090
32.240	0.996090
32.250	0.996090
32.260	0.996090
32.270	0.996090
32.280	0.996090
32.290	0.996090
32.300	0.996090
32.310	0.996090
32.320	0.996090
32.330	0.996090
32.340	0.996090
32.350	0.996090
32.360	0.996090
32.370	0.996090
32.380	0.996090
32.390	0.996090
32.400	0.996090
32.410	0.996090
32.420	0.996090
32.430	0.996090
32.440	0.996090
32.450	0.996090
32.460	0.996090
32.470	0.996090
32.480	0.996090
32.490	0.996090
32.500	0.996090
32.510	0.996090
32.520	0.996090
32.530	0.996090
32.540	1.000980
32.550	1.000980
32.560	1.000980
32.570	1.000980
32.580	1.000980
32.590	1.000980
32.600	1.000980
32.610	1.000980
32.620	1.000980
32.630	1.000980
32.640	1.000980
32.650	1.000980
32.660	1.000980
32.670	1.000980
32.680	1.000980
32.690	1.000980
32.700	1.000980
32.710	1.000980
32.720	1.000980
32.730	1.000980
32.740	1.000980
32.750	1.000980
32.760	1.000980
32.770	1.000980
32.780	1.000980
32.790	1.000980
32.800	1.000980
32.810	1.000980
32.820	1.000980
32.830	1.000980
32.840	1.000980
32.850	1.000980
32.860	1.000980
32.870	1.000980
32.880	1.000980
32.890	1.000980
32.900	1.000980
32.910	1.000980
32.920	1.000980
32.930	1.000980
32.940	1.000980
32.950	1.000980
32.960	1.000980
32.970	1.000980
32.980	1.000980
32.990	1.000980
33.000	1.000980
33.010	1.000980
33.020	1.000980
33.030	1.000980
33.040	1.000980
33.050	1.000980
33.060	1.000980
33.070	1.000980
33.080	1.000980
33.090	1.000980
33.100	1.000980
33.110	1.000980
33.120	1.000980
33.130	1.000980
33.140	1.000980
33.150	1.005860
33.160	1.005860
33.170	1.005860
33.180	1.005860
33.190	1.030270
33.200	1.054690
33.210	1.059570
33.220	1.059570
33.230	1.059570
33.240	1.059570
33.250	1.059570
33.260	1.059570
33.270	1.059570
33.280	1.059570
33.290	1.059570
33.300	1.059570
33.310	1.059570
33.320	1.059570
33.330	1.059570
33.340	1.059570
33.350	1.059570
33.360	1.059570
33.370	1.059570
33.380	1.059570
33.390	1.059570
33.400	1.059570
33.410	1.059570
33.420	1.059570
33.430	1.059570
33.440	1.059570
33.450	1.059570
33.460	1.059570
33.470	1.059570
33.480	1.059570
33.490	1.059570
33.500	1.059570
33.510	1.059570
33.520	1.059570
33.530	1.059570
33.540	1.064450
33.550	1.074220
33.560	1.093750
33.570	1.093750
33.580	1.108400
33.590	1.118160
33.600	1.118160
33.610	1.118160
33.620	1.118160
33.630	1.118160
33.640	1.118160
33.650	1.118160
33.660	1.118160
33.670	1.103520
33.680	1.098630
33.690	1.098630
33.700	1.098630
33.710	1.098630
33.720	1.098630
33.730	1.098630
33.740	1.098630
33.750	1.098630
33.760	1.098630
33.770	1.098630
33.780	1.098630
33.790	1.098630
33.800	1.098630
33.810	1.098630
33.820	1.098630
33.830	1.098630
33.840	1.098630
33.850	1.098630
33.860	1.098630
33.870	1.098630
33.880	1.098630
33.890	1.098630
33.900	1.098630
33.910	1.098630
33.920	1.098630
33.930	1.098630
33.940	1.098630
33.950	1.098630
33.960	1.098630
33.970	1.098630
33.980	1.098630
33.990	1.098630
34.000	1.098630
34.010	1.098630
34.020	1.098630
34.030	1.098630
34.040	1.098630
34.050	1.098630
34.060	1.098630
34.070	1.098630
34.080	1.098630
34.090	1.098630
34.100	1.098630
34.110	1.098630
34.120	1.098630
34.130	1.098630
34.140	1.098630
34.150	1.098630
34.160	1.098630
34.170	1.098630
34.180	1.098630
34.190	1.098630
34.200	1.098630
34.210	1.098630
34.220	1.098630
34.230	1.098630
34.240	1.098630
34.250	1.098630
34.260	1.098630
34.270	1.098630
34.280	1.098630
34.290	1.098630
34.300	1.098630
34.310	1.098630
34.320	1.098630
34.330	1.098630
34.340	1.098630
34.350	1.098630
34.360	1.098630
34.370	1.098630
34.380	1.098630
34.390	1.083980
34.400	1.074220
34.410	1.074220
34.420	1.074220
34.430	1.074220
34.440	1.074220
34.450	1.074220
34.460	1.074220
34.470	1.074220
34.480	1.074220
34.490	1.074220
34.500	1.074220
34.510	1.074220
34.520	1.074220
34.530	1.074220
34.540	1.074220
34.550	1.074220
34.560	1.074220
34.570	1.074220
34.580	1.074220
34.590	1.074220
34.600	1.074220
34.610	1.074220
34.620	1.074220
34.630	1.074220
34.640	1.074220
34.650	1.074220
34.660	1.074220
34.670	1.074220
34.680	1.074220
34.690	1.074220
34.700	1.074220
34.710	1.074220
34.720	1.074220
34.730	1.059570
34.740	1.044920
34.750	1.044920
34.760	1.044920
34.770	1.044920
34.780	1.044920
34.790	1.044920
34.800	1.044920
34.810	1.044920
34.820	1.044920
34.830	1.044920
34.840	1.044920
34.850	1.044920
34.860	1.044920
34.870	1.044920
34.880	1.044920
34.890	1.044920
34.900	1.044920
34.910	1.044920
34.920	1.044920
34.930	1.044920
34.940	1.044920
34.950	1.044920
34.960	1.044920
34.970	1.044920
34.980	1.044920
34.990	1.044920
35.000	1.044920
35.010	1.044920
35.020	1.044920
35.030	1.044920
35.040	1.044920
35.050	1.044920
35.060	1.044920
35.070	1.044920
35.080	1.044920
35.090	1.044920
35.100	1.044920
35.110	1.044920
35.120	1.074220
35.130	1.074220
35.140	1.074220
35.150	1.074220
35.160	1.074220
35.170	1.074220
35.180	1.074220
35.190	1.074220
35.200	1.083980
35.210	1.083980
35.220	1.098630
35.230	1.127930
35.240	1.142580
35.250	1.142580
35.260	1.142580
35.270	1.142580
35.280	1.142580
35.290	1.142580
35.300	1.142580
35.310	1.142580
35.320	1.142580
35.330	1.142580
35.340	1.142580
35.350	1.142580
35.360	1.142580
35.370	1.142580
35.380	1.142580
35.390	1.142580
35.400	1.142580
35.410	1.142580
35.420	1.142580
35.430	1.142580
35.440	1.147460
35.450	1.147460
35.460	1.147460
35.470	1.147460
35.480	1.147460
35.490	1.147460
35.500	1.147460
35.510	1.147460
35.520	1.157230
35.530	1.186520
35.540	1.206050
35.550	1.206050
35.560	1.206050
35.570	1.206050
35.580	1.206050
35.590	1.206050
35.600	1.206050
35.610	1.206050
35.620	1.206050
35.630	1.206050
35.640	1.206050
35.650	1.206050
35.660	1.206050
35.670	1.245120
35.680	1.254880
35.690	1.259770
35.700	1.259770
35.710	1.259770
35.720	1.259770
35.730	1.259770
35.740	1.259770
35.750	1.259770
35.760	1.259770
35.770	1.259770
35.780	1.259770
35.790	1.259770
35.800	1.259770
35.810	1.259770
35.820	1.259770
35.830	1.259770
35.840	1.259770
35.850	1.259770
35.860	1.259770
35.870	1.259770
35.880	1.259770
35.890	1.259770
35.900	1.259770
35.910	1.259770
35.920	1.259770
35.930	1.259770
35.940	1.259770
35.950	1.259770
35.960	1.259770
35.970	1.259770
35.980	1.259770
35.990	1.259770
36.000	1.259770
36.010	1.259770
36.020	1.259770
36.030	1.259770
36.040	1.259770
36.050	1.259770
36.060	1.259770
36.070	1.259770
36.080	1.259770
36.090	1.259770
36.100	1.259770
36.110	1.254880
36.120	1.254880
36.130	1.254880
36.140	1.254880
36.150	1.254880
36.160	1.254880
36.170	1.254880
36.180	1.254880
36.190	1.254880
36.200	1.254880
36.210	1.254880
36.220	1.254880
36.230	1.254880
36.240	1.254880
36.250	1.254880
36.260	1.254880
36.270	1.254880
36.280	1.254880
36.290	1.254880
36.300	1.254880
36.310	1.254880
36.320	1.254880
36.330	1.254880
36.340	1.254880
36.350	1.254880
36.360	1.254880
36.370	1.254880
36.380	1.254880
36.390	1.254880
36.400	1.264650
36.410	1.289060
36.420	1.289060
36.430	1.289060
36.440	1.289060
36.450	1.289060
36.460	1.289060
36.470	1.289060
36.480	1.289060
36.490	1.289060
36.500	1.289060
36.510	1.289060
36.520	1.289060
36.530	1.289060
36.540	1.289060
36.550	1.289060
36.560	1.289060
36.570	1.289060
36.580	1.289060
36.590	1.289060
36.600	1.289060
36.610	1.289060
36.620	1.289060
36.630	1.289060
36.640	1.289060
36.650	1.289060
36.660	1.289060
36.670	1.289060
36.680	1.289060
36.690	1.289060
36.700	1.289060
36.710	1.289060
36.720	1.289060
36.730	1.289060
36.740	1.289060
36.750	1.289060
36.760	1.289060
36.770	1.289060
36.780	1.289060
36.790	1.289060
36.800	1.289060
36.810	1.289060
36.820	1.289060
36.830	1.289060
36.840	1.289060
36.850	1.289060
36.860	1.289060
36.870	1.289060
36.880	1.269530
36.890	1.269530
36.900	1.269530
36.910	1.269530
36.920	1.269530
36.930	1.269530
36.940	1.269530
36.950	1.269530
36.960	1.269530
36.970	1.269530
36.980	1.269530
36.990	1.264650
37.000	1.264650
37.010	1.264650
37.020	1.264650
37.030	1.264650
37.040	1.264650
37.050	1.264650
37.060	1.264650
37.070	1.264650
37.080	1.264650
37.090	1.264650
37.100	1.264650
37.110	1.264650
37.120	1.264650
37.130	1.264650
37.140	1.264650
37.150	1.264650
37.160	1.264650
37.170	1.264650
37.180	1.264650
37.190	1.264650
37.200	1.264650
37.210	1.264650
37.220	1.264650
37.230	1.264650
37.240	1.264650
37.250	1.254880
37.260	1.254880
37.270	1.254880
37.280	1.254880
37.290	1.254880
37.300	1.254880
37.310	1.254880
37.320	1.254880
37.330	1.254880
37.340	1.254880
37.350	1.254880
37.360	1.254880
37.370	1.250000
37.380	1.250000
37.390	1.235350
37.400	1.206050
37.410	1.206050
37.420	1.176760
37.430	1.166990
37.440	1.166990
37.450	1.166990
37.460	1.166990
37.470	1.166990
37.480	1.166990
37.490	1.166990
37.500	1.166990
37.510	1.166990
37.520	1.166990
37.530	1.166990
37.540	1.166990
37.550	1.166990
37.560	1.166990
37.570	1.166990
37.580	1.166990
37.590	1.166990
37.600	1.166990
37.610	1.166990
37.620	1.166990
37.630	1.166990
37.640	1.166990
37.650	1.166990
37.660	1.166990
37.670	1.166990
37.680	1.166990
37.690	1.166990
37.700	1.166990
37.710	1.166990
37.720	1.166990
37.730	1.166990
37.740	1.166990
37.750	1.166990
37.760	1.166990
37.770	1.166990
37.780	1.166990
37.790	1.166990
37.800	1.166990
37.810	1.166990
37.820	1.162110
37.830	1.162110
37.840	1.162110
37.850	1.162110
37.860	1.162110
37.870	1.162110
37.880	1.162110
37.890	1.162110
37.900	1.162110
37.910	1.162110
37.920	1.162110
37.930	1.162110
37.940	1.162110
37.950	1.162110
37.960	1.162110
37.970	1.162110
37.980	1.162110
37.990	1.162110
38.000	1.162110
38.010	1.162110
38.020	1.162110
38.030	1.162110
38.040	1.162110
38.050	1.152340
38.060	1.152340
38.070	1.152340
38.080	1.147460
38.090	1.137700
38.100	1.137700
38.110	1.137700
38.120	1.127930
38.130	1.127930
38.140	1.127930
38.150	1.127930
38.160	1.127930
38.170	1.127930
38.180	1.127930
38.190	1.127930
38.200	1.127930
38.210	1.127930
38.220	1.127930
38.230	1.127930
38.240	1.127930
38.250	1.127930
38.260	1.127930
38.270	1.127930
38.280	1.127930
38.290	1.127930
38.300	1.127930
38.310	1.127930
38.320	1.127930
38.330	1.127930
38.340	1.127930
38.350	1.127930
38.360	1.152340
38.370	1.157230
38.380	1.166990
38.390	1.166990
38.400	1.181640
38.410	1.186520
38.420	1.186520
38.430	1.186520
38.440	1.186520
38.450	1.186520
38.460	1.186520
38.470	1.186520
38.480	1.215820
38.490	1.250000
38.500	1.289060
38.510	1.318360
38.520	1.337890
38.530	1.362300
38.540	1.411130
38.550	1.450200
38.560	1.489260
38.570	1.533200
38.580	1.547850
38.590	1.572270
38.600	1.572270
38.610	1.572270
38.620	1.582030
38.630	1.606450
38.640	1.645510
38.650	1.694340
38.660	1.728520
38.670	1.762700
38.680	1.801760
38.690	1.850590
38.700	1.889650
38.710	1.899410
38.720	1.948240
38.730	1.972660
38.740	2.001950
38.750	2.031250
38.760	2.060550
38.770	2.094730
38.780	2.104490
38.790	2.128910
38.800	2.167970
38.810	2.197270
38.820	2.216800
38.830	2.226560
38.840	2.250980
38.850	2.285160
38.860	2.309570
38.870	2.348630
38.880	2.373050
38.890	2.373050
38.900	2.382810
38.910	2.416990
38.920	2.451170
38.930	2.470700
38.940	2.485350
38.950	2.500000
38.960	2.519530
38.970	2.548830
38.980	2.558590
38.990	2.587890
39.000	2.602540
39.010	2.617190
39.020	2.646480
39.030	2.680660
39.040	2.700200
39.050	2.739260
39.060	2.768550
39.070	2.792970
39.080	2.822270
39.090	2.861330
39.100	2.885740
39.110	2.900390
39.120	2.905270
39.130	2.905270
39.140	2.905270
39.150	2.934570
39.160	2.958980
39.170	2.973630
39.180	3.002930
39.190	3.037110
39.200	3.061520
39.210	3.085940
39.220	3.110350
39.230	3.134770
39.240	3.168950
39.250	3.188480
39.260	3.212890
39.270	3.217770
39.280	3.227540
39.290	3.261720
39.300	3.300780
39.310	3.330080
39.320	3.359380
39.330	3.388670
39.340	3.413090
39.350	3.432620
39.360	3.461910
39.370	3.505860
39.380	3.510740
39.390	3.520510
39.400	3.554690
39.410	3.574220
39.420	3.608400
39.430	3.642580
39.440	3.676760
39.450	3.686520
39.460	3.725590
39.470	3.745120
39.480	3.759770
39.490	3.784180
39.500	3.828120
39.510	3.828120
39.520	3.842770
39.530	3.872070
39.540	3.896480
39.550	3.901370
39.560	3.916020
39.570	3.935550
39.580	3.964840
39.590	3.989260
39.600	4.008790
39.610	4.033200
39.620	4.042970
39.630	4.047850
39.640	4.057620
39.650	4.067380
39.660	4.086910
39.670	4.086910
39.680	4.116210
39.690	4.116210
39.700	4.130860
39.710	4.135740
39.720	4.155270
39.730	4.155270
39.740	4.184570
39.750	4.189450
39.760	4.199220
39.770	4.223630
39.780	4.243160
39.790	4.243160
39.800	4.267580
39.810	4.282230
39.820	4.287110
39.830	4.287110
39.840	4.287110
39.850	4.287110
39.860	4.306640
39.870	4.340820
39.880	4.355470
39.890	4.404300
39.900	4.438480
39.910	4.462890
39.920	4.472660
39.930	4.497070
39.940	4.541020
39.950	4.550780
39.960	4.570310
39.970	4.599610
39.980	4.609380
39.990	4.624020
40.000	4.648440
