# time_in_ns	wl_increment_in_kT
0.000	10.000000
0.010	10.000000
0.020	10.000000
0.030	10.000000
0.040	10.000000
0.050	10.000000
0.060	10.000000
0.070	10.000000
0.080	10.000000
0.090	10.000000
0.100	10.000000
0.110	10.000000
0.120	10.000000
0.130	10.000000
0.140	10.000000
0.150	10.000000
0.160	10.000000
0.170	10.000000
0.180	10.000000
0.190	10.000000
0.200	10.000000
0.210	10.000000
0.220	10.000000
0.230	10.000000
0.240	10.000000
0.250	10.000000
0.260	10.000000
0.270	10.000000
0.280	10.000000
0.290	10.000000
0.300	10.000000
0.310	10.000000
0.320	10.000000
0.330	10.000000
0.340	10.000000
0.350	10.000000
0.360	10.000000
0.370	5.000000
0.380	5.000000
0.390	5.000000
0.400	5.000000
0.410	5.000000
0.420	5.000000
0.430	5.000000
0.440	5.000000
0.450	5.000000
0.460	5.000000
0.470	5.000000
0.480	5.000000
0.490	5.000000
0.500	5.000000
0.510	5.000000
0.520	5.000000
0.530	5.000000
0.540	5.000000
0.550	5.000000
0.560	5.000000
0.570	5.000000
0.580	5.000000
0.590	5.000000
0.600	5.000000
0.610	5.000000
0.620	5.000000
0.630	5.000000
0.640	5.000000
0.650	5.000000
0.660	5.000000
0.670	5.000000
0.680	5.000000
0.690	5.000000
0.700	5.000000
0.710	5.000000
0.720	5.000000
0.730	5.000000
0.740	5.000000
0.750	5.000000
0.760	5.000000
0.770	5.000000
0.780	5.000000
0.790	5.000000
0.800	5.000000
0.810	5.000000
0.820	5.000000
0.830	5.000000
0.840	5.000000
0.850	5.000000
0.860	5.000000
0.870	5.000000
0.880	5.000000
0.890	5.000000
0.900	5.000000
0.910	5.000000
0.920	5.000000
0.930	5.000000
0.940	5.000000
0.950	5.000000
0.960	5.000000
0.970	5.000000
0.980	5.000000
0.990	5.000000
1.000	5.000000
1.010	5.000000
1.020	5.000000
1.030	5.000000
1.040	5.000000
1.050	5.000000
1.060	5.000000
1.070	5.000000
1.080	5.000000
1.090	5.000000
1.100	5.000000
1.110	5.000000
1.120	5.000000
1.130	5.000000
1.140	5.000000
1.150	5.000000
1.160	5.000000
1.170	2.500000
1.180	2.500000
1.190	2.500000
1.200	2.500000
1.210	2.500000
1.220	2.500000
1.230	2.500000
1.240	2.500000
1.250	2.500000
1.260	2.500000
1.270	2.500000
1.280	2.500000
1.290	2.500000
1.300	2.500000
1.310	2.500000
1.320	2.500000
1.330	2.500000
1.340	2.500000
1.350	2.500000
1.360	2.500000
1.370	2.500000
1.380	2.500000
1.390	2.500000
1.400	2.500000
1.410	2.500000
1.420	2.500000
1.430	2.500000
1.440	2.500000
1.450	2.500000
1.460	2.500000
1.470	2.500000
1.480	2.500000
1.490	2.500000
1.500	2.500000
1.510	2.500000
1.520	2.500000
1.530	2.500000
1.540	2.500000
1.550	2.500000
1.560	2.500000
1.570	2.500000
1.580	2.500000
1.590	2.500000
1.600	2.500000
1.610	2.500000
1.620	2.500000
1.630	2.500000
1.640	2.500000
1.650	2.500000
1.660	2.500000
1.670	2.500000
1.680	2.500000
1.690	2.500000
1.700	2.500000
1.710	2.500000
1.720	2.500000
1.730	2.500000
1.740	2.500000
1.750	2.500000
1.760	2.500000
1.770	2.500000
1.780	2.500000
1.790	2.500000
1.800	2.500000
1.810	2.500000
1.820	2.500000
1.830	2.500000
1.840	2.500000
1.850	2.500000
1.860	2.500000
1.870	1.250000
1.880	1.250000
1.890	1.250000
1.900	1.250000
1.910	1.250000
1.920	1.250000
1.930	1.250000
1.940	1.250000
1.950	1.250000
1.960	1.250000
1.970	1.250000
1.980	1.250000
1.990	1.250000
2.000	1.250000
2.010	1.250000
2.020	1.250000
2.030	1.250000
2.040	1.250000
2.050	1.250000
2.060	1.250000
2.070	1.250000
2.080	1.250000
2.090	1.250000
2.100	1.250000
2.110	1.250000
2.120	1.250000
2.130	1.250000
2.140	1.250000
2.150	1.250000
2.160	1.250000
2.170	1.250000
2.180	1.250000
2.190	1.250000
2.200	1.250000
2.210	1.250000
2.220	1.250000
2.230	1.250000
2.240	1.250000
2.250	1.250000
2.260	1.250000
2.270	1.250000
2.280	1.250000
2.290	1.250000
2.300	1.250000
2.310	1.250000
2.320	1.250000
2.330	1.250000
2.340	1.250000
2.350	1.250000
2.360	1.250000
2.370	1.250000
2.380	1.250000
2.390	1.250000
2.400	1.250000
2.410	1.250000
2.420	1.250000
2.430	1.250000
2.440	1.250000
2.450	1.250000
2.460	1.250000
2.470	1.250000
2.480	1.250000
2.490	1.250000
2.500	1.250000
2.510	1.250000
2.520	1.250000
2.530	1.250000
2.540	1.250000
2.550	1.250000
2.560	1.250000
2.570	1.250000
2.580	1.250000
2.590	1.250000
2.600	1.250000
2.610	1.250000
2.620	1.250000
2.630	1.250000
2.640	0.625000
2.650	0.625000
2.660	0.625000
2.670	0.625000
2.680	0.625000
2.690	0.625000
2.700	0.625000
2.710	0.625000
2.720	0.625000
2.730	0.625000
2.740	0.625000
2.750	0.625000
2.760	0.625000
2.770	0.625000
2.780	0.625000
2.790	0.625000
2.800	0.625000
2.810	0.625000
2.820	0.625000
2.830	0.625000
2.840	0.625000
2.850	0.625000
2.860	0.625000
2.870	0.625000
2.880	0.625000
2.890	0.625000
2.900	0.625000
2.910	0.625000
2.920	0.625000
2.930	0.625000
2.940	0.625000
2.950	0.625000
2.960	0.625000
2.970	0.625000
2.980	0.625000
2.990	0.625000
3.000	0.625000
3.010	0.625000
3.020	0.625000
3.030	0.625000
3.040	0.625000
3.050	0.625000
3.060	0.625000
3.070	0.625000
3.080	0.625000
3.090	0.625000
3.100	0.625000
3.110	0.625000
3.120	0.625000
3.130	0.625000
3.140	0.625000
3.150	0.625000
3.160	0.625000
3.170	0.625000
3.180	0.625000
3.190	0.625000
3.200	0.625000
3.210	0.625000
3.220	0.625000
3.230	0.625000
3.240	0.625000
3.250	0.625000
3.260	0.625000
3.270	0.625000
3.280	0.625000
3.290	0.625000
3.300	0.625000
3.310	0.625000
3.320	0.625000
3.330	0.625000
3.340	0.625000
3.350	0.625000
3.360	0.625000
3.370	0.625000
3.380	0.625000
3.390	0.625000
3.400	0.625000
3.410	0.625000
3.420	0.625000
3.430	0.625000
3.440	0.625000
3.450	0.625000
3.460	0.625000
3.470	0.625000
3.480	0.625000
3.490	0.625000
3.500	0.625000
3.510	0.625000
3.520	0.625000
3.530	0.625000
3.540	0.625000
3.550	0.625000
3.560	0.625000
3.570	0.625000
3.580	0.625000
3.590	0.625000
3.600	0.625000
3.610	0.625000
3.620	0.625000
3.630	0.625000
3.640	0.625000
3.650	0.625000
3.660	0.625000
3.670	0.625000
3.680	0.625000
3.690	0.625000
3.700	0.625000
3.710	0.625000
3.720	0.625000
3.730	0.625000
3.740	0.625000
3.750	0.625000
3.760	0.625000
3.770	0.625000
3.780	0.625000
3.790	0.625000
3.800	0.625000
3.810	0.625000
3.820	0.625000
3.830	0.625000
3.840	0.625000
3.850	0.625000
3.860	0.625000
3.870	0.625000
3.880	0.625000
3.890	0.625000
3.900	0.625000
3.910	0.625000
3.920	0.625000
3.930	0.625000
3.940	0.625000
3.950	0.625000
3.960	0.625000
3.970	0.625000
3.980	0.625000
3.990	0.625000
4.000	0.625000
4.010	0.625000
4.020	0.625000
4.030	0.625000
4.040	0.625000
4.050	0.625000
4.060	0.625000
4.070	0.625000
4.080	0.625000
4.090	0.625000
4.100	0.625000
4.110	0.625000
4.120	0.625000
4.130	0.625000
4.140	0.625000
4.150	0.625000
4.160	0.625000
4.170	0.625000
4.180	0.625000
4.190	0.625000
4.200	0.625000
4.210	0.625000
4.220	0.625000
4.230	0.625000
4.240	0.625000
4.250	0.625000
4.260	0.625000
4.270	0.625000
4.280	0.625000
4.290	0.625000
4.300	0.625000
4.310	0.625000
4.320	0.625000
4.330	0.625000
4.340	0.625000
4.350	0.625000
4.360	0.625000
4.370	0.625000
4.380	0.625000
4.390	0.625000
4.400	0.625000
4.410	0.625000
4.420	0.625000
4.430	0.625000
4.440	0.625000
4.450	0.625000
4.460	0.625000
4.470	0.625000
4.480	0.625000
4.490	0.625000
4.500	0.625000
4.510	0.625000
4.520	0.312500
4.530	0.312500
4.540	0.312500
4.550	0.312500
4.560	0.312500
4.570	0.312500
4.580	0.312500
4.590	0.312500
4.600	0.312500
4.610	0.312500
4.620	0.312500
4.630	0.312500
4.640	0.312500
4.650	0.312500
4.660	0.312500
4.670	0.312500
4.680	0.312500
4.690	0.312500
4.700	0.312500
4.710	0.312500
4.720	0.312500
4.730	0.312500
4.740	0.312500
4.750	0.312500
4.760	0.312500
4.770	0.312500
4.780	0.312500
4.790	0.312500
4.800	0.312500
4.810	0.312500
4.820	0.312500
4.830	0.312500
4.840	0.312500
4.850	0.312500
4.860	0.312500
4.870	0.312500
4.880	0.312500
4.890	0.312500
4.900	0.312500
4.910	0.312500
4.920	0.312500
4.930	0.312500
4.940	0.312500
4.950	0.312500
4.960	0.312500
4.970	0.312500
4.980	0.312500
4.990	0.312500
5.000	0.312500
5.010	0.312500
5.020	0.312500
5.030	0.312500
5.040	0.312500
5.050	0.312500
5.060	0.312500
5.070	0.312500
5.080	0.312500
5.090	0.312500
5.100	0.312500
5.110	0.312500
5.120	0.312500
5.130	0.312500
5.140	0.312500
5.150	0.312500
5.160	0.312500
5.170	0.312500
5.180	0.312500
5.190	0.312500
5.200	0.312500
5.210	0.312500
5.220	0.312500
5.230	0.312500
5.240	0.312500
5.250	0.312500
5.260	0.312500
5.270	0.312500
5.280	0.312500
5.290	0.312500
5.300	0.312500
5.310	0.312500
5.320	0.312500
5.330	0.312500
5.340	0.312500
5.350	0.312500
5.360	0.312500
5.370	0.312500
5.380	0.312500
5.390	0.312500
5.400	0.312500
5.410	0.312500
5.420	0.312500
5.430	0.312500
5.440	0.312500
5.450	0.312500
5.460	0.312500
5.470	0.312500
5.480	0.312500
5.490	0.312500
5.500	0.312500
5.510	0.312500
5.520	0.312500
5.530	0.312500
5.540	0.312500
5.550	0.312500
5.560	0.312500
5.570	0.312500
5.580	0.312500
5.590	0.312500
5.600	0.312500
5.610	0.312500
5.620	0.312500
5.630	0.312500
5.640	0.312500
5.650	0.312500
5.660	0.312500
5.670	0.312500
5.680	0.312500
5.690	0.312500
5.700	0.312500
5.710	0.312500
5.720	0.312500
5.730	0.312500
5.740	0.312500
5.750	0.312500
5.760	0.312500
5.770	0.312500
5.780	0.312500
5.790	0.312500
5.800	0.312500
5.810	0.312500
5.820	0.312500
5.830	0.312500
5.840	0.312500
5.850	0.312500
5.860	0.312500
5.870	0.312500
5.880	0.312500
5.890	0.312500
5.900	0.312500
5.910	0.312500
5.920	0.312500
5.930	0.312500
5.940	0.156250
5.950	0.156250
5.960	0.156250
5.970	0.156250
5.980	0.156250
5.990	0.156250
6.000	0.156250
6.010	0.156250
6.020	0.156250
6.030	0.156250
6.040	0.156250
6.050	0.156250
6.060	0.156250
6.070	0.156250
6.080	0.156250
6.090	0.156250
6.100	0.156250
6.110	0.156250
6.120	0.156250
6.130	0.156250
6.140	0.156250
6.150	0.156250
6.160	0.156250
6.170	0.156250
6.180	0.156250
6.190	0.156250
6.200	0.156250
6.210	0.156250
6.220	0.156250
6.230	0.156250
6.240	0.156250
6.250	0.156250
6.260	0.156250
6.270	0.156250
6.280	0.156250
6.290	0.156250
6.300	0.156250
6.310	0.156250
6.320	0.156250
6.330	0.156250
6.340	0.156250
6.350	0.156250
6.360	0.156250
6.370	0.156250
6.380	0.156250
6.390	0.156250
6.400	0.156250
6.410	0.156250
6.420	0.156250
6.430	0.156250
6.440	0.156250
6.450	0.156250
6.460	0.156250
6.470	0.156250
6.480	0.156250
6.490	0.156250
6.500	0.156250
6.510	0.156250
6.520	0.156250
6.530	0.156250
6.540	0.156250
6.550	0.156250
6.560	0.156250
6.570	0.156250
6.580	0.156250
6.590	0.156250
6.600	0.156250
6.610	0.156250
6.620	0.156250
6.630	0.156250
6.640	0.156250
6.650	0.156250
6.660	0.156250
6.670	0.156250
6.680	0.156250
6.690	0.156250
6.700	0.156250
6.710	0.156250
6.720	0.156250
6.730	0.156250
6.740	0.156250
6.750	0.156250
6.760	0.156250
6.770	0.156250
6.780	0.156250
6.790	0.156250
6.800	0.156250
6.810	0.156250
6.820	0.156250
6.830	0.156250
6.840	0.156250
6.850	0.156250
6.860	0.156250
6.870	0.156250
6.880	0.156250
6.890	0.156250
6.900	0.156250
6.910	0.156250
6.920	0.156250
6.930	0.156250
6.940	0.156250
6.950	0.156250
6.960	0.156250
6.970	0.156250
6.980	0.156250
6.990	0.156250
7.000	0.156250
7.010	0.156250
7.020	0.156250
7.030	0.156250
7.040	0.156250
7.050	0.156250
7.060	0.156250
7.070	0.156250
7.080	0.156250
7.090	0.156250
7.100	0.156250
7.110	0.156250
7.120	0.156250
7.130	0.156250
7.140	0.156250
7.150	0.156250
7.160	0.156250
7.170	0.156250
7.180	0.156250
7.190	0.156250
7.200	0.156250
7.210	0.156250
7.220	0.156250
7.230	0.156250
7.240	0.156250
7.250	0.156250
7.260	0.156250
7.270	0.156250
7.280	0.156250
7.290	0.156250
7.300	0.156250
7.310	0.156250
7.320	0.156250
7.330	0.156250
7.340	0.156250
7.350	0.156250
7.360	0.156250
7.370	0.156250
7.380	0.156250
7.390	0.156250
7.400	0.156250
7.410	0.156250
7.420	0.156250
7.430	0.156250
7.440	0.156250
7.450	0.156250
7.460	0.156250
7.470	0.156250
7.480	0.156250
7.490	0.156250
7.500	0.156250
7.510	0.156250
7.520	0.156250
7.530	0.156250
7.540	0.156250
7.550	0.078125
7.560	0.078125
7.570	0.078125
7.580	0.078125
7.590	0.078125
7.600	0.078125
7.610	0.078125
7.620	0.078125
7.630	0.078125
7.640	0.078125
7.650	0.078125
7.660	0.078125
7.670	0.078125
7.680	0.078125
7.690	0.078125
7.700	0.078125
7.710	0.078125
7.720	0.078125
7.730	0.078125
7.740	0.078125
7.750	0.078125
7.760	0.078125
7.770	0.078125
7.780	0.078125
7.790	0.078125
7.800	0.078125
7.810	0.078125
7.820	0.078125
7.830	0.078125
7.840	0.078125
7.850	0.078125
7.860	0.078125
7.870	0.078125
7.880	0.078125
7.890	0.078125
7.900	0.078125
7.910	0.078125
7.920	0.078125
7.930	0.078125
7.940	0.078125
7.950	0.078125
7.960	0.078125
7.970	0.078125
7.980	0.078125
7.990	0.078125
8.000	0.078125
8.010	0.078125
8.020	0.078125
8.030	0.078125
8.040	0.078125
8.050	0.078125
8.060	0.078125
8.070	0.078125
8.080	0.078125
8.090	0.078125
8.100	0.078125
8.110	0.078125
8.120	0.078125
8.130	0.078125
8.140	0.078125
8.150	0.078125
8.160	0.078125
8.170	0.078125
8.180	0.078125
8.190	0.078125
8.200	0.078125
8.210	0.078125
8.220	0.078125
8.230	0.078125
8.240	0.078125
8.250	0.078125
8.260	0.078125
8.270	0.078125
8.280	0.078125
8.290	0.078125
8.300	0.078125
8.310	0.078125
8.320	0.078125
8.330	0.078125
8.340	0.078125
8.350	0.078125
8.360	0.078125
8.370	0.078125
8.380	0.078125
8.390	0.078125
8.400	0.078125
8.410	0.078125
8.420	0.078125
8.430	0.078125
8.440	0.078125
8.450	0.078125
8.460	0.078125
8.470	0.078125
8.480	0.078125
8.490	0.078125
8.500	0.078125
8.510	0.078125
8.520	0.078125
8.530	0.078125
8.540	0.078125
8.550	0.078125
8.560	0.078125
8.570	0.078125
8.580	0.078125
8.590	0.078125
8.600	0.078125
8.610	0.078125
8.620	0.078125
8.630	0.078125
8.640	0.078125
8.650	0.078125
8.660	0.078125
8.670	0.078125
8.680	0.078125
8.690	0.078125
8.700	0.078125
8.710	0.078125
8.720	0.078125
8.730	0.078125
8.740	0.078125
8.750	0.078125
8.760	0.078125
8.770	0.078125
8.780	0.078125
8.790	0.078125
8.800	0.078125
8.810	0.078125
8.820	0.078125
8.830	0.078125
8.840	0.078125
8.850	0.078125
8.860	0.078125
8.870	0.078125
8.880	0.078125
8.890	0.078125
8.900	0.078125
8.910	0.078125
8.920	0.078125
8.930	0.078125
8.940	0.078125
8.950	0.039062
8.960	0.039062
8.970	0.039062
8.980	0.039062
8.990	0.039062
9.000	0.039062
9.010	0.039062
9.020	0.039062
9.030	0.039062
9.040	0.039062
9.050	0.039062
9.060	0.039062
9.070	0.039062
9.080	0.039062
9.090	0.039062
9.100	0.039062
9.110	0.039062
9.120	0.039062
9.130	0.039062
9.140	0.039062
9.150	0.039062
9.160	0.039062
9.170	0.039062
9.180	0.039062
9.190	0.039062
9.200	0.039062
9.210	0.039062
9.220	0.039062
9.230	0.039062
9.240	0.039062
9.250	0.039062
9.260	0.039062
9.270	0.039062
9.280	0.039062
9.290	0.039062
9.300	0.039062
9.310	0.039062
9.320	0.039062
9.330	0.039062
9.340	0.039062
9.350	0.039062
9.360	0.039062
9.370	0.039062
9.380	0.039062
9.390	0.039062
9.400	0.039062
9.410	0.039062
9.420	0.039062
9.430	0.039062
9.440	0.039062
9.450	0.039062
9.460	0.039062
9.470	0.039062
9.480	0.039062
9.490	0.039062
9.500	0.039062
9.510	0.039062
9.520	0.039062
9.530	0.039062
9.540	0.039062
9.550	0.039062
9.560	0.039062
9.570	0.039062
9.580	0.039062
9.590	0.039062
9.600	0.039062
9.610	0.039062
9.620	0.039062
9.630	0.039062
9.640	0.039062
9.650	0.039062
9.660	0.039062
9.670	0.039062
9.680	0.039062
9.690	0.039062
9.700	0.039062
9.710	0.039062
9.720	0.039062
9.730	0.039062
9.740	0.039062
9.750	0.039062
9.760	0.039062
9.770	0.039062
9.780	0.039062
9.790	0.039062
9.800	0.039062
9.810	0.039062
9.820	0.039062
9.830	0.039062
9.840	0.039062
9.850	0.039062
9.860	0.039062
9.870	0.039062
9.880	0.039062
9.890	0.039062
9.900	0.039062
9.910	0.039062
9.920	0.039062
9.930	0.039062
9.940	0.039062
9.950	0.039062
9.960	0.039062
9.970	0.039062
9.980	0.039062
9.990	0.039062
10.000	0.039062
10.010	0.039062
10.020	0.039062
10.030	0.039062
10.040	0.039062
10.050	0.039062
10.060	0.039062
10.070	0.039062
10.080	0.039062
10.090	0.039062
10.100	0.039062
10.110	0.039062
10.120	0.039062
10.130	0.039062
10.140	0.039062
10.150	0.039062
10.160	0.039062
10.170	0.039062
10.180	0.039062
10.190	0.039062
10.200	0.039062
10.210	0.039062
10.220	0.039062
10.230	0.039062
10.240	0.039062
10.250	0.039062
10.260	0.039062
10.270	0.039062
10.280	0.039062
10.290	0.039062
10.300	0.039062
10.310	0.039062
10.320	0.039062
10.330	0.039062
10.340	0.039062
10.350	0.039062
10.360	0.039062
10.370	0.039062
10.380	0.039062
10.390	0.039062
10.400	0.039062
10.410	0.039062
10.420	0.039062
10.430	0.039062
10.440	0.039062
10.450	0.039062
10.460	0.039062
10.470	0.039062
10.480	0.039062
10.490	0.039062
10.500	0.039062
10.510	0.039062
10.520	0.039062
10.530	0.039062
10.540	0.039062
10.550	0.039062
10.560	0.039062
10.570	0.039062
10.580	0.039062
10.590	0.039062
10.600	0.039062
10.610	0.039062
10.620	0.039062
10.630	0.039062
10.640	0.039062
10.650	0.039062
10.660	0.039062
10.670	0.039062
10.680	0.039062
10.690	0.039062
10.700	0.039062
10.710	0.039062
10.720	0.039062
10.730	0.039062
10.740	0.039062
10.750	0.039062
10.760	0.039062
10.770	0.039062
10.780	0.039062
10.790	0.039062
10.800	0.039062
10.810	0.039062
10.820	0.039062
10.830	0.039062
10.840	0.039062
10.850	0.039062
10.860	0.039062
10.870	0.039062
10.880	0.039062
10.890	0.039062
10.900	0.039062
10.910	0.039062
10.920	0.039062
10.930	0.039062
10.940	0.039062
10.950	0.039062
10.960	0.039062
10.970	0.039062
10.980	0.039062
10.990	0.039062
11.000	0.039062
11.010	0.039062
11.020	0.039062
11.030	0.039062
11.040	0.039062
11.050	0.039062
11.060	0.039062
11.070	0.039062
11.080	0.039062
11.090	0.039062
11.100	0.039062
11.110	0.039062
11.120	0.039062
11.130	0.039062
11.140	0.039062
11.150	0.039062
11.160	0.039062
11.170	0.039062
11.180	0.039062
11.190	0.039062
11.200	0.039062
11.210	0.039062
11.220	0.039062
11.230	0.039062
11.240	0.039062
11.250	0.039062
11.260	0.039062
11.270	0.039062
11.280	0.039062
11.290	0.039062
11.300	0.039062
11.310	0.039062
11.320	0.039062
11.330	0.039062
11.340	0.039062
11.350	0.039062
11.360	0.039062
11.370	0.039062
11.380	0.019531
11.390	0.019531
11.400	0.019531
11.410	0.019531
11.420	0.019531
11.430	0.019531
11.440	0.019531
11.450	0.019531
11.460	0.019531
11.470	0.019531
11.480	0.019531
11.490	0.019531
11.500	0.019531
11.510	0.019531
11.520	0.019531
11.530	0.019531
11.540	0.019531
11.550	0.019531
11.560	0.019531
11.570	0.019531
11.580	0.019531
11.590	0.019531
11.600	0.019531
11.610	0.019531
11.620	0.019531
11.630	0.019531
11.640	0.019531
11.650	0.019531
11.660	0.019531
11.670	0.019531
11.680	0.019531
11.690	0.019531
11.700	0.019531
11.710	0.019531
11.720	0.019531
11.730	0.019531
11.740	0.019531
11.750	0.019531
11.760	0.019531
11.770	0.019531
11.780	0.019531
11.790	0.019531
11.800	0.019531
11.810	0.019531
11.820	0.019531
11.830	0.019531
11.840	0.019531
11.850	0.019531
11.860	0.019531
11.870	0.019531
11.880	0.019531
11.890	0.019531
11.900	0.019531
11.910	0.019531
11.920	0.019531
11.930	0.019531
11.940	0.019531
11.950	0.019531
11.960	0.019531
11.970	0.019531
11.980	0.019531
11.990	0.019531
12.000	0.019531
12.010	0.019531
12.020	0.019531
12.030	0.019531
12.040	0.019531
12.050	0.019531
12.060	0.019531
12.070	0.019531
12.080	0.019531
12.090	0.019531
12.100	0.019531
12.110	0.019531
12.120	0.019531
12.130	0.019531
12.140	0.019531
12.150	0.019531
12.160	0.019531
12.170	0.019531
12.180	0.019531
12.190	0.019531
12.200	0.019531
12.210	0.019531
12.220	0.019531
12.230	0.019531
12.240	0.019531
12.250	0.019531
12.260	0.019531
12.270	0.019531
12.280	0.019531
12.290	0.019531
12.300	0.019531
12.310	0.019531
12.320	0.019531
12.330	0.019531
12.340	0.019531
12.350	0.019531
12.360	0.019531
12.370	0.019531
12.380	0.019531
12.390	0.019531
12.400	0.019531
12.410	0.019531
12.420	0.019531
12.430	0.019531
12.440	0.019531
12.450	0.019531
12.460	0.019531
12.470	0.019531
12.480	0.019531
12.490	0.019531
12.500	0.019531
12.510	0.019531
12.520	0.019531
12.530	0.019531
12.540	0.019531
12.550	0.019531
12.560	0.019531
12.570	0.019531
12.580	0.019531
12.590	0.019531
12.600	0.019531
12.610	0.019531
12.620	0.019531
12.630	0.019531
12.640	0.019531
12.650	0.019531
12.660	0.019531
12.670	0.019531
12.680	0.019531
12.690	0.019531
12.700	0.019531
12.710	0.019531
12.720	0.019531
12.730	0.019531
12.740	0.019531
12.750	0.019531
12.760	0.019531
12.770	0.019531
12.780	0.019531
12.790	0.019531
12.800	0.019531
12.810	0.019531
12.820	0.019531
12.830	0.019531
12.840	0.019531
12.850	0.019531
12.860	0.019531
12.870	0.019531
12.880	0.019531
12.890	0.019531
12.900	0.019531
12.910	0.019531
12.920	0.019531
12.930	0.019531
12.940	0.019531
12.950	0.019531
12.960	0.019531
12.970	0.019531
12.980	0.019531
12.990	0.019531
13.000	0.019531
13.010	0.019531
13.020	0.019531
13.030	0.019531
13.040	0.019531
13.050	0.019531
13.060	0.019531
13.070	0.019531
13.080	0.019531
13.090	0.019531
13.100	0.019531
13.110	0.019531
13.120	0.019531
13.130	0.019531
13.140	0.019531
13.150	0.019531
13.160	0.019531
13.170	0.019531
13.180	0.019531
13.190	0.019531
13.200	0.019531
13.210	0.019531
13.220	0.019531
13.230	0.019531
13.240	0.019531
13.250	0.019531
13.260	0.019531
13.270	0.019531
13.280	0.019531
13.290	0.019531
13.300	0.019531
13.310	0.019531
13.320	0.019531
13.330	0.019531
13.340	0.019531
13.350	0.019531
13.360	0.019531
13.370	0.019531
13.380	0.019531
13.390	0.019531
13.400	0.019531
13.410	0.019531
13.420	0.019531
13.430	0.019531
13.440	0.019531
13.450	0.019531
13.460	0.019531
13.470	0.019531
13.480	0.019531
13.490	0.019531
13.500	0.019531
13.510	0.019531
13.520	0.019531
13.530	0.019531
13.540	0.019531
13.550	0.019531
13.560	0.019531
13.570	0.019531
13.580	0.019531
13.590	0.019531
13.600	0.019531
13.610	0.019531
13.620	0.019531
13.630	0.019531
13.640	0.019531
13.650	0.019531
13.660	0.019531
13.670	0.019531
13.680	0.019531
13.690	0.019531
13.700	0.019531
13.710	0.019531
13.720	0.019531
13.730	0.019531
13.740	0.019531
13.750	0.019531
13.760	0.019531
13.770	0.019531
13.780	0.019531
13.790	0.019531
13.800	0.019531
13.810	0.019531
13.820	0.019531
13.830	0.019531
13.840	0.019531
13.850	0.019531
13.860	0.019531
13.870	0.019531
13.880	0.019531
13.890	0.019531
13.900	0.019531
13.910	0.019531
13.920	0.019531
13.930	0.019531
13.940	0.019531
13.950	0.019531
13.960	0.019531
13.970	0.019531
13.980	0.019531
13.990	0.019531
14.000	0.019531
14.010	0.019531
14.020	0.019531
14.030	0.019531
14.040	0.019531
14.050	0.019531
14.060	0.019531
14.070	0.019531
14.080	0.019531
14.090	0.019531
14.100	0.019531
14.110	0.019531
14.120	0.019531
14.130	0.019531
14.140	0.019531
14.150	0.019531
14.160	0.019531
14.170	0.019531
14.180	0.019531
14.190	0.019531
14.200	0.019531
14.210	0.019531
14.220	0.019531
14.230	0.019531
14.240	0.019531
14.250	0.019531
14.260	0.019531
14.270	0.019531
14.280	0.019531
14.290	0.019531
14.300	0.019531
14.310	0.019531
14.320	0.019531
14.330	0.019531
14.340	0.019531
14.350	0.019531
14.360	0.019531
14.370	0.019531
14.380	0.019531
14.390	0.019531
14.400	0.019531
14.410	0.019531
14.420	0.019531
14.430	0.019531
14.440	0.019531
14.450	0.019531
14.460	0.019531
14.470	0.019531
14.480	0.019531
14.490	0.019531
14.500	0.019531
14.510	0.019531
14.520	0.019531
14.530	0.019531
14.540	0.019531
14.550	0.019531
14.560	0.019531
14.570	0.019531
14.580	0.019531
14.590	0.019531
14.600	0.019531
14.610	0.019531
14.620	0.019531
14.630	0.019531
14.640	0.019531
14.650	0.019531
14.660	0.019531
14.670	0.019531
14.680	0.019531
14.690	0.019531
14.700	0.019531
14.710	0.019531
14.720	0.019531
14.730	0.019531
14.740	0.019531
14.750	0.019531
14.760	0.019531
14.770	0.019531
14.780	0.019531
14.790	0.019531
14.800	0.019531
14.810	0.019531
14.820	0.019531
14.830	0.019531
14.840	0.019531
14.850	0.019531
14.860	0.019531
14.870	0.019531
14.880	0.019531
14.890	0.019531
14.900	0.019531
14.910	0.019531
14.920	0.019531
14.930	0.019531
14.940	0.019531
14.950	0.019531
14.960	0.019531
14.970	0.019531
14.980	0.019531
14.990	0.019531
15.000	0.019531
15.010	0.019531
15.020	0.019531
15.030	0.019531
15.040	0.019531
15.050	0.019531
15.060	0.019531
15.070	0.019531
15.080	0.019531
15.090	0.019531
15.100	0.019531
15.110	0.019531
15.120	0.019531
15.130	0.019531
15.140	0.019531
15.150	0.019531
15.160	0.019531
15.170	0.019531
15.180	0.019531
15.190	0.019531
15.200	0.019531
15.210	0.019531
15.220	0.019531
15.230	0.019531
15.240	0.019531
15.250	0.019531
15.260	0.019531
15.270	0.019531
15.280	0.019531
15.290	0.019531
15.300	0.019531
15.310	0.019531
15.320	0.019531
15.330	0.019531
15.340	0.019531
15.350	0.019531
15.360	0.019531
15.370	0.019531
15.380	0.019531
15.390	0.019531
15.400	0.019531
15.410	0.019531
15.420	0.019531
15.430	0.019531
15.440	0.019531
15.450	0.019531
15.460	0.019531
15.470	0.019531
15.480	0.019531
15.490	0.019531
15.500	0.019531
15.510	0.019531
15.520	0.019531
15.530	0.019531
15.540	0.019531
15.550	0.019531
15.560	0.019531
15.570	0.019531
15.580	0.019531
15.590	0.019531
15.600	0.019531
15.610	0.019531
15.620	0.019531
15.630	0.019531
15.640	0.019531
15.650	0.019531
15.660	0.019531
15.670	0.019531
15.680	0.019531
15.690	0.019531
15.700	0.019531
15.710	0.019531
15.720	0.019531
15.730	0.019531
15.740	0.019531
15.750	0.019531
15.760	0.019531
15.770	0.019531
15.780	0.019531
15.790	0.019531
15.800	0.019531
15.810	0.019531
15.820	0.019531
15.830	0.019531
15.840	0.019531
15.850	0.019531
15.860	0.019531
15.870	0.019531
15.880	0.019531
15.890	0.019531
15.900	0.019531
15.910	0.019531
15.920	0.019531
15.930	0.019531
15.940	0.019531
15.950	0.019531
15.960	0.019531
15.970	0.019531
15.980	0.019531
15.990	0.019531
16.000	0.019531
16.010	0.019531
16.020	0.019531
16.030	0.019531
16.040	0.019531
16.050	0.019531
16.060	0.019531
16.070	0.019531
16.080	0.019531
16.090	0.019531
16.100	0.019531
16.110	0.019531
16.120	0.019531
16.130	0.019531
16.140	0.019531
16.150	0.019531
16.160	0.019531
16.170	0.019531
16.180	0.019531
16.190	0.019531
16.200	0.019531
16.210	0.019531
16.220	0.019531
16.230	0.019531
16.240	0.019531
16.250	0.019531
16.260	0.019531
16.270	0.019531
16.280	0.019531
16.290	0.019531
16.300	0.019531
16.310	0.019531
16.320	0.019531
16.330	0.019531
16.340	0.019531
16.350	0.019531
16.360	0.019531
16.370	0.019531
16.380	0.019531
16.390	0.019531
16.400	0.019531
16.410	0.019531
16.420	0.019531
16.430	0.019531
16.440	0.019531
16.450	0.019531
16.460	0.019531
16.470	0.019531
16.480	0.019531
16.490	0.019531
16.500	0.019531
16.510	0.019531
16.520	0.019531
16.530	0.019531
16.540	0.019531
16.550	0.019531
16.560	0.019531
16.570	0.019531
16.580	0.019531
16.590	0.019531
16.600	0.019531
16.610	0.019531
16.620	0.019531
16.630	0.019531
16.640	0.019531
16.650	0.019531
16.660	0.019531
16.670	0.019531
16.680	0.019531
16.690	0.019531
16.700	0.019531
16.710	0.019531
16.720	0.019531
16.730	0.019531
16.740	0.019531
16.750	0.019531
16.760	0.019531
16.770	0.019531
16.780	0.019531
16.790	0.019531
16.800	0.019531
16.810	0.019531
16.820	0.019531
16.830	0.019531
16.840	0.019531
16.850	0.019531
16.860	0.019531
16.870	0.019531
16.880	0.019531
16.890	0.019531
16.900	0.019531
16.910	0.019531
16.920	0.019531
16.930	0.019531
16.940	0.019531
16.950	0.019531
16.960	0.019531
16.970	0.019531
16.980	0.019531
16.990	0.019531
17.000	0.019531
17.010	0.019531
17.020	0.019531
17.030	0.019531
17.040	0.019531
17.050	0.019531
17.060	0.019531
17.070	0.019531
17.080	0.019531
17.090	0.019531
17.100	0.019531
17.110	0.019531
17.120	0.019531
17.130	0.019531
17.140	0.019531
17.150	0.019531
17.160	0.019531
17.170	0.019531
17.180	0.019531
17.190	0.019531
17.200	0.019531
17.210	0.019531
17.220	0.019531
17.230	0.019531
17.240	0.019531
17.250	0.019531
17.260	0.019531
17.270	0.019531
17.280	0.019531
17.290	0.019531
17.300	0.019531
17.310	0.019531
17.320	0.019531
17.330	0.019531
17.340	0.019531
17.350	0.019531
17.360	0.019531
17.370	0.019531
17.380	0.019531
17.390	0.019531
17.400	0.019531
17.410	0.019531
17.420	0.019531
17.430	0.019531
17.440	0.019531
17.450	0.019531
17.460	0.019531
17.470	0.019531
17.480	0.019531
17.490	0.019531
17.500	0.019531
17.510	0.019531
17.520	0.019531
17.530	0.019531
17.540	0.019531
17.550	0.019531
17.560	0.019531
17.570	0.019531
17.580	0.019531
17.590	0.019531
17.600	0.019531
17.610	0.019531
17.620	0.019531
17.630	0.019531
17.640	0.019531
17.650	0.019531
17.660	0.019531
17.670	0.019531
17.680	0.019531
17.690	0.019531
17.700	0.019531
17.710	0.019531
17.720	0.019531
17.730	0.019531
17.740	0.019531
17.750	0.019531
17.760	0.019531
17.770	0.019531
17.780	0.019531
17.790	0.019531
17.800	0.019531
17.810	0.019531
17.820	0.019531
17.830	0.019531
17.840	0.019531
17.850	0.019531
17.860	0.019531
17.870	0.019531
17.880	0.019531
17.890	0.019531
17.900	0.019531
17.910	0.019531
17.920	0.019531
17.930	0.019531
17.940	0.019531
17.950	0.019531
17.960	0.019531
17.970	0.019531
17.980	0.019531
17.990	0.019531
18.000	0.019531
18.010	0.019531
18.020	0.019531
18.030	0.019531
18.040	0.019531
18.050	0.019531
18.060	0.019531
18.070	0.019531
18.080	0.019531
18.090	0.019531
18.100	0.019531
18.110	0.019531
18.120	0.019531
18.130	0.019531
18.140	0.019531
18.150	0.019531
18.160	0.019531
18.170	0.019531
18.180	0.019531
18.190	0.019531
18.200	0.019531
18.210	0.019531
18.220	0.019531
18.230	0.019531
18.240	0.019531
18.250	0.019531
18.260	0.019531
18.270	0.019531
18.280	0.019531
18.290	0.019531
18.300	0.019531
18.310	0.019531
18.320	0.019531
18.330	0.019531
18.340	0.019531
18.350	0.019531
18.360	0.019531
18.370	0.019531
18.380	0.019531
18.390	0.019531
18.400	0.019531
18.410	0.019531
18.420	0.019531
18.430	0.019531
18.440	0.019531
18.450	0.019531
18.460	0.019531
18.470	0.019531
18.480	0.019531
18.490	0.019531
18.500	0.019531
18.510	0.019531
18.520	0.019531
18.530	0.019531
18.540	0.019531
18.550	0.019531
18.560	0.019531
18.570	0.019531
18.580	0.019531
18.590	0.019531
18.600	0.019531
18.610	0.019531
18.620	0.019531
18.630	0.019531
18.640	0.019531
18.650	0.019531
18.660	0.019531
18.670	0.019531
18.680	0.019531
18.690	0.019531
18.700	0.019531
18.710	0.019531
18.720	0.019531
18.730	0.019531
18.740	0.019531
18.750	0.019531
18.760	0.019531
18.770	0.019531
18.780	0.019531
18.790	0.019531
18.800	0.019531
18.810	0.019531
18.820	0.019531
18.830	0.019531
18.840	0.019531
18.850	0.019531
18.860	0.019531
18.870	0.019531
18.880	0.019531
18.890	0.019531
18.900	0.019531
18.910	0.019531
18.920	0.019531
18.930	0.019531
18.940	0.019531
18.950	0.019531
18.960	0.019531
18.970	0.019531
18.980	0.019531
18.990	0.019531
19.000	0.019531
19.010	0.019531
19.020	0.019531
19.030	0.019531
19.040	0.019531
19.050	0.019531
19.060	0.019531
19.070	0.019531
19.080	0.019531
19.090	0.019531
19.100	0.019531
19.110	0.019531
19.120	0.019531
19.130	0.019531
19.140	0.019531
19.150	0.019531
19.160	0.019531
19.170	0.019531
19.180	0.019531
19.190	0.019531
19.200	0.019531
19.210	0.019531
19.220	0.019531
19.230	0.019531
19.240	0.019531
19.250	0.019531
19.260	0.019531
19.270	0.019531
19.280	0.019531
19.290	0.019531
19.300	0.019531
19.310	0.019531
19.320	0.019531
19.330	0.019531
19.340	0.019531
19.350	0.019531
19.360	0.019531
19.370	0.019531
19.380	0.019531
19.390	0.019531
19.400	0.019531
19.410	0.019531
19.420	0.019531
19.430	0.019531
19.440	0.019531
19.450	0.019531
19.460	0.019531
19.470	0.019531
19.480	0.019531
19.490	0.019531
19.500	0.019531
19.510	0.019531
19.520	0.019531
19.530	0.019531
19.540	0.019531
19.550	0.019531
19.560	0.019531
19.570	0.019531
19.580	0.019531
19.590	0.019531
19.600	0.019531
19.610	0.019531
19.620	0.019531
19.630	0.019531
19.640	0.019531
19.650	0.019531
19.660	0.019531
19.670	0.019531
19.680	0.019531
19.690	0.019531
19.700	0.019531
19.710	0.019531
19.720	0.019531
19.730	0.019531
19.740	0.019531
19.750	0.019531
19.760	0.019531
19.770	0.019531
19.780	0.019531
19.790	0.019531
19.800	0.019531
19.810	0.019531
19.820	0.019531
19.830	0.019531
19.840	0.019531
19.850	0.019531
19.860	0.019531
19.870	0.019531
19.880	0.019531
19.890	0.019531
19.900	0.019531
19.910	0.019531
19.920	0.019531
19.930	0.019531
19.940	0.019531
19.950	0.019531
19.960	0.019531
19.970	0.019531
19.980	0.019531
19.990	0.019531
20.000	0.019531
20.010	0.019531
20.020	0.019531
20.030	0.019531
20.040	0.019531
20.050	0.019531
20.060	0.019531
20.070	0.019531
20.080	0.019531
20.090	0.019531
20.100	0.019531
20.110	0.019531
20.120	0.019531
20.130	0.019531
20.140	0.019531
20.150	0.019531
20.160	0.019531
20.170	0.019531
20.180	0.019531
20.190	0.019531
20.200	0.019531
20.210	0.019531
20.220	0.019531
20.230	0.019531
20.240	0.019531
20.250	0.019531
20.260	0.019531
20.270	0.019531
20.280	0.019531
20.290	0.019531
20.300	0.019531
20.310	0.019531
20.320	0.019531
20.330	0.019531
20.340	0.019531
20.350	0.019531
20.360	0.019531
20.370	0.019531
20.380	0.019531
20.390	0.019531
20.400	0.019531
20.410	0.019531
20.420	0.009766
20.430	0.009766
20.440	0.009766
20.450	0.009766
20.460	0.009766
20.470	0.009766
20.480	0.009766
20.490	0.009766
20.500	0.009766
20.510	0.009766
20.520	0.009766
20.530	0.009766
20.540	0.009766
20.550	0.009766
20.560	0.009766
20.570	0.009766
20.580	0.009766
20.590	0.009766
20.600	0.009766
20.610	0.009766
20.620	0.009766
20.630	0.009766
20.640	0.009766
20.650	0.009766
20.660	0.009766
20.670	0.009766
20.680	0.009766
20.690	0.009766
20.700	0.009766
20.710	0.009766
20.720	0.009766
20.730	0.009766
20.740	0.009766
20.750	0.009766
20.760	0.009766
20.770	0.009766
20.780	0.009766
20.790	0.009766
20.800	0.009766
20.810	0.009766
20.820	0.009766
20.830	0.009766
20.840	0.009766
20.850	0.009766
20.860	0.009766
20.870	0.009766
20.880	0.009766
20.890	0.009766
20.900	0.009766
20.910	0.009766
20.920	0.009766
20.930	0.009766
20.940	0.009766
20.950	0.009766
20.960	0.009766
20.970	0.009766
20.980	0.009766
20.990	0.009766
21.000	0.009766
21.010	0.009766
21.020	0.009766
21.030	0.009766
21.040	0.009766
21.050	0.009766
21.060	0.009766
21.070	0.009766
21.080	0.009766
21.090	0.009766
21.100	0.009766
21.110	0.009766
21.120	0.009766
21.130	0.009766
21.140	0.009766
21.150	0.009766
21.160	0.009766
21.170	0.009766
21.180	0.009766
21.190	0.009766
21.200	0.009766
21.210	0.009766
21.220	0.009766
21.230	0.009766
21.240	0.009766
21.250	0.009766
21.260	0.009766
21.270	0.009766
21.280	0.009766
21.290	0.009766
21.300	0.009766
21.310	0.009766
21.320	0.009766
21.330	0.009766
21.340	0.009766
21.350	0.009766
21.360	0.009766
21.370	0.009766
21.380	0.009766
21.390	0.009766
21.400	0.009766
21.410	0.009766
21.420	0.009766
21.430	0.009766
21.440	0.009766
21.450	0.009766
21.460	0.009766
21.470	0.009766
21.480	0.009766
21.490	0.009766
21.500	0.009766
21.510	0.009766
21.520	0.009766
21.530	0.009766
21.540	0.009766
21.550	0.009766
21.560	0.009766
21.570	0.009766
21.580	0.009766
21.590	0.009766
21.600	0.009766
21.610	0.009766
21.620	0.009766
21.630	0.009766
21.640	0.009766
21.650	0.009766
21.660	0.009766
21.670	0.009766
21.680	0.009766
21.690	0.009766
21.700	0.009766
21.710	0.009766
21.720	0.009766
21.730	0.009766
21.740	0.009766
21.750	0.009766
21.760	0.009766
21.770	0.009766
21.780	0.009766
21.790	0.009766
21.800	0.009766
21.810	0.009766
21.820	0.009766
21.830	0.009766
21.840	0.009766
21.850	0.009766
21.860	0.009766
21.870	0.009766
21.880	0.009766
21.890	0.009766
21.900	0.009766
21.910	0.009766
21.920	0.009766
21.930	0.009766
21.940	0.009766
21.950	0.009766
21.960	0.009766
21.970	0.009766
21.980	0.009766
21.990	0.009766
22.000	0.009766
22.010	0.009766
22.020	0.009766
22.030	0.009766
22.040	0.009766
22.050	0.009766
22.060	0.009766
22.070	0.009766
22.080	0.009766
22.090	0.009766
22.100	0.009766
22.110	0.009766
22.120	0.009766
22.130	0.009766
22.140	0.009766
22.150	0.009766
22.160	0.009766
22.170	0.009766
22.180	0.009766
22.190	0.009766
22.200	0.009766
22.210	0.009766
22.220	0.009766
22.230	0.009766
22.240	0.009766
22.250	0.009766
22.260	0.009766
22.270	0.009766
22.280	0.009766
22.290	0.009766
22.300	0.009766
22.310	0.009766
22.320	0.009766
22.330	0.009766
22.340	0.009766
22.350	0.009766
22.360	0.009766
22.370	0.009766
22.380	0.009766
22.390	0.009766
22.400	0.009766
22.410	0.009766
22.420	0.009766
22.430	0.009766
22.440	0.009766
22.450	0.009766
22.460	0.009766
22.470	0.009766
22.480	0.009766
22.490	0.009766
22.500	0.009766
22.510	0.009766
22.520	0.009766
22.530	0.009766
22.540	0.009766
22.550	0.009766
22.560	0.009766
22.570	0.009766
22.580	0.009766
22.590	0.009766
22.600	0.009766
22.610	0.009766
22.620	0.009766
22.630	0.009766
22.640	0.009766
22.650	0.009766
22.660	0.009766
22.670	0.009766
22.680	0.009766
22.690	0.009766
22.700	0.009766
22.710	0.009766
22.720	0.009766
22.730	0.009766
22.740	0.009766
22.750	0.009766
22.760	0.009766
22.770	0.009766
22.780	0.009766
22.790	0.009766
22.800	0.009766
22.810	0.009766
22.820	0.009766
22.830	0.009766
22.840	0.009766
22.850	0.009766
22.860	0.009766
22.870	0.009766
22.880	0.009766
22.890	0.009766
22.900	0.009766
22.910	0.009766
22.920	0.009766
22.930	0.009766
22.940	0.009766
22.950	0.009766
22.960	0.009766
22.970	0.009766
22.980	0.009766
22.990	0.009766
23.000	0.009766
23.010	0.009766
23.020	0.009766
23.030	0.009766
23.040	0.009766
23.050	0.009766
23.060	0.009766
23.070	0.009766
23.080	0.009766
23.090	0.009766
23.100	0.009766
23.110	0.009766
23.120	0.009766
23.130	0.009766
23.140	0.009766
23.150	0.009766
23.160	0.009766
23.170	0.009766
23.180	0.009766
23.190	0.009766
23.200	0.009766
23.210	0.009766
23.220	0.009766
23.230	0.009766
23.240	0.009766
23.250	0.009766
23.260	0.009766
23.270	0.009766
23.280	0.009766
23.290	0.009766
23.300	0.009766
23.310	0.009766
23.320	0.009766
23.330	0.009766
23.340	0.009766
23.350	0.009766
23.360	0.009766
23.370	0.009766
23.380	0.009766
23.390	0.009766
23.400	0.009766
23.410	0.009766
23.420	0.009766
23.430	0.009766
23.440	0.009766
23.450	0.009766
23.460	0.009766
23.470	0.009766
23.480	0.009766
23.490	0.009766
23.500	0.009766
23.510	0.009766
23.520	0.009766
23.530	0.009766
23.540	0.009766
23.550	0.009766
23.560	0.009766
23.570	0.009766
23.580	0.009766
23.590	0.009766
23.600	0.009766
23.610	0.009766
23.620	0.009766
23.630	0.009766
23.640	0.009766
23.650	0.009766
23.660	0.009766
23.670	0.009766
23.680	0.009766
23.690	0.009766
23.700	0.009766
23.710	0.009766
23.720	0.009766
23.730	0.009766
23.740	0.009766
23.750	0.009766
23.760	0.009766
23.770	0.009766
23.780	0.009766
23.790	0.009766
23.800	0.009766
23.810	0.009766
23.820	0.009766
23.830	0.009766
23.840	0.009766
23.850	0.009766
23.860	0.009766
23.870	0.009766
23.880	0.009766
23.890	0.009766
23.900	0.009766
23.910	0.009766
23.920	0.009766
23.930	0.009766
23.940	0.009766
23.950	0.009766
23.960	0.009766
23.970	0.009766
23.980	0.009766
23.990	0.009766
24.000	0.009766
24.010	0.009766
24.020	0.009766
24.030	0.009766
24.040	0.009766
24.050	0.009766
24.060	0.009766
24.070	0.009766
24.080	0.009766
24.090	0.009766
24.100	0.009766
24.110	0.009766
24.120	0.009766
24.130	0.009766
24.140	0.009766
24.150	0.009766
24.160	0.009766
24.170	0.009766
24.180	0.009766
24.190	0.009766
24.200	0.009766
24.210	0.009766
24.220	0.009766
24.230	0.009766
24.240	0.009766
24.250	0.009766
24.260	0.009766
24.270	0.009766
24.280	0.009766
24.290	0.009766
24.300	0.009766
24.310	0.009766
24.320	0.009766
24.330	0.009766
24.340	0.009766
24.350	0.009766
24.360	0.009766
24.370	0.009766
24.380	0.009766
24.390	0.009766
24.400	0.009766
24.410	0.009766
24.420	0.009766
24.430	0.009766
24.440	0.009766
24.450	0.009766
24.460	0.009766
24.470	0.009766
24.480	0.009766
24.490	0.009766
24.500	0.009766
24.510	0.009766
24.520	0.009766
24.530	0.009766
24.540	0.009766
24.550	0.009766
24.560	0.009766
24.570	0.009766
24.580	0.009766
24.590	0.009766
24.600	0.009766
24.610	0.009766
24.620	0.009766
24.630	0.009766
24.640	0.009766
24.650	0.009766
24.660	0.009766
24.670	0.009766
24.680	0.009766
24.690	0.009766
24.700	0.009766
24.710	0.009766
24.720	0.009766
24.730	0.009766
24.740	0.009766
24.750	0.009766
24.760	0.009766
24.770	0.009766
24.780	0.009766
24.790	0.009766
24.800	0.009766
24.810	0.009766
24.820	0.009766
24.830	0.009766
24.840	0.009766
24.850	0.009766
24.860	0.009766
24.870	0.009766
24.880	0.009766
24.890	0.009766
24.900	0.009766
24.910	0.009766
24.920	0.009766
24.930	0.009766
24.940	0.009766
24.950	0.009766
24.960	0.009766
24.970	0.009766
24.980	0.009766
24.990	0.009766
25.000	0.009766
25.010	0.009766
25.020	0.009766
25.030	0.009766
25.040	0.009766
25.050	0.009766
25.060	0.009766
25.070	0.009766
25.080	0.009766
25.090	0.009766
25.100	0.009766
25.110	0.009766
25.120	0.009766
25.130	0.009766
25.140	0.009766
25.150	0.009766
25.160	0.009766
25.170	0.009766
25.180	0.009766
25.190	0.009766
25.200	0.009766
25.210	0.009766
25.220	0.009766
25.230	0.009766
25.240	0.009766
25.250	0.009766
25.260	0.009766
25.270	0.009766
25.280	0.009766
25.290	0.009766
25.300	0.009766
25.310	0.009766
25.320	0.009766
25.330	0.009766
25.340	0.009766
25.350	0.009766
25.360	0.009766
25.370	0.009766
25.380	0.009766
25.390	0.009766
25.400	0.009766
25.410	0.009766
25.420	0.009766
25.430	0.009766
25.440	0.009766
25.450	0.009766
25.460	0.009766
25.470	0.009766
25.480	0.009766
25.490	0.009766
25.500	0.009766
25.510	0.009766
25.520	0.009766
25.530	0.009766
25.540	0.009766
25.550	0.009766
25.560	0.009766
25.570	0.009766
25.580	0.009766
25.590	0.009766
25.600	0.009766
25.610	0.009766
25.620	0.009766
25.630	0.009766
25.640	0.009766
25.650	0.009766
25.660	0.009766
25.670	0.009766
25.680	0.009766
25.690	0.009766
25.700	0.009766
25.710	0.009766
25.720	0.009766
25.730	0.009766
25.740	0.009766
25.750	0.009766
25.760	0.009766
25.770	0.009766
25.780	0.009766
25.790	0.009766
25.800	0.009766
25.810	0.009766
25.820	0.009766
25.830	0.009766
25.840	0.009766
25.850	0.009766
25.860	0.009766
25.870	0.009766
25.880	0.009766
25.890	0.009766
25.900	0.009766
25.910	0.009766
25.920	0.009766
25.930	0.009766
25.940	0.009766
25.950	0.009766
25.960	0.009766
25.970	0.009766
25.980	0.009766
25.990	0.009766
26.000	0.009766
26.010	0.009766
26.020	0.009766
26.030	0.009766
26.040	0.009766
26.050	0.009766
26.060	0.009766
26.070	0.009766
26.080	0.009766
26.090	0.009766
26.100	0.009766
26.110	0.009766
26.120	0.009766
26.130	0.009766
26.140	0.009766
26.150	0.009766
26.160	0.009766
26.170	0.009766
26.180	0.009766
26.190	0.009766
26.200	0.009766
26.210	0.009766
26.220	0.009766
26.230	0.009766
26.240	0.009766
26.250	0.009766
26.260	0.009766
26.270	0.009766
26.280	0.009766
26.290	0.009766
26.300	0.009766
26.310	0.009766
26.320	0.009766
26.330	0.009766
26.340	0.009766
26.350	0.009766
26.360	0.009766
26.370	0.009766
26.380	0.009766
26.390	0.009766
26.400	0.009766
26.410	0.009766
26.420	0.009766
26.430	0.009766
26.440	0.009766
26.450	0.009766
26.460	0.009766
26.470	0.009766
26.480	0.009766
26.490	0.009766
26.500	0.009766
26.510	0.009766
26.520	0.009766
26.530	0.009766
26.540	0.009766
26.550	0.009766
26.560	0.009766
26.570	0.009766
26.580	0.009766
26.590	0.009766
26.600	0.009766
26.610	0.009766
26.620	0.009766
26.630	0.009766
26.640	0.009766
26.650	0.009766
26.660	0.009766
26.670	0.009766
26.680	0.009766
26.690	0.009766
26.700	0.009766
26.710	0.009766
26.720	0.009766
26.730	0.009766
26.740	0.009766
26.750	0.009766
26.760	0.009766
26.770	0.009766
26.780	0.009766
26.790	0.009766
26.800	0.009766
26.810	0.009766
26.820	0.009766
26.830	0.009766
26.840	0.009766
26.850	0.009766
26.860	0.009766
26.870	0.009766
26.880	0.009766
26.890	0.009766
26.900	0.009766
26.910	0.009766
26.920	0.009766
26.930	0.009766
26.940	0.009766
26.950	0.009766
26.960	0.009766
26.970	0.009766
26.980	0.009766
26.990	0.009766
27.000	0.009766
27.010	0.009766
27.020	0.009766
27.030	0.009766
27.040	0.009766
27.050	0.009766
27.060	0.009766
27.070	0.009766
27.080	0.009766
27.090	0.009766
27.100	0.009766
27.110	0.009766
27.120	0.009766
27.130	0.009766
27.140	0.009766
27.150	0.009766
27.160	0.009766
27.170	0.009766
27.180	0.009766
27.190	0.009766
27.200	0.009766
27.210	0.009766
27.220	0.009766
27.230	0.009766
27.240	0.009766
27.250	0.009766
27.260	0.009766
27.270	0.009766
27.280	0.009766
27.290	0.009766
27.300	0.009766
27.310	0.009766
27.320	0.009766
27.330	0.009766
27.340	0.009766
27.350	0.009766
27.360	0.009766
27.370	0.009766
27.380	0.009766
27.390	0.009766
27.400	0.009766
27.410	0.009766
27.420	0.009766
27.430	0.009766
27.440	0.009766
27.450	0.009766
27.460	0.009766
27.470	0.009766
27.480	0.009766
27.490	0.009766
27.500	0.009766
27.510	0.009766
27.520	0.009766
27.530	0.009766
27.540	0.009766
27.550	0.009766
27.560	0.009766
27.570	0.009766
27.580	0.009766
27.590	0.009766
27.600	0.009766
27.610	0.009766
27.620	0.009766
27.630	0.009766
27.640	0.009766
27.650	0.009766
27.660	0.009766
27.670	0.009766
27.680	0.009766
27.690	0.009766
27.700	0.009766
27.710	0.009766
27.720	0.009766
27.730	0.009766
27.740	0.009766
27.750	0.009766
27.760	0.009766
27.770	0.009766
27.780	0.009766
27.790	0.009766
27.800	0.009766
27.810	0.009766
27.820	0.009766
27.830	0.009766
27.840	0.009766
27.850	0.009766
27.860	0.009766
27.870	0.009766
27.880	0.009766
27.890	0.009766
27.900	0.009766
27.910	0.009766
27.920	0.009766
27.930	0.009766
27.940	0.009766
27.950	0.009766
27.960	0.009766
27.970	0.009766
27.980	0.009766
27.990	0.009766
28.000	0.009766
28.010	0.009766
28.020	0.009766
28.030	0.009766
28.040	0.009766
28.050	0.009766
28.060	0.009766
28.070	0.009766
28.080	0.009766
28.090	0.009766
28.100	0.009766
28.110	0.009766
28.120	0.009766
28.130	0.009766
28.140	0.009766
28.150	0.009766
28.160	0.009766
28.170	0.009766
28.180	0.009766
28.190	0.009766
28.200	0.009766
28.210	0.009766
28.220	0.009766
28.230	0.009766
28.240	0.009766
28.250	0.009766
28.260	0.009766
28.270	0.009766
28.280	0.009766
28.290	0.009766
28.300	0.009766
28.310	0.009766
28.320	0.009766
28.330	0.009766
28.340	0.009766
28.350	0.009766
28.360	0.009766
28.370	0.009766
28.380	0.009766
28.390	0.009766
28.400	0.009766
28.410	0.009766
28.420	0.009766
28.430	0.009766
28.440	0.009766
28.450	0.009766
28.460	0.009766
28.470	0.009766
28.480	0.009766
28.490	0.009766
28.500	0.009766
28.510	0.009766
28.520	0.009766
28.530	0.009766
28.540	0.009766
28.550	0.009766
28.560	0.009766
28.570	0.009766
28.580	0.009766
28.590	0.009766
28.600	0.009766
28.610	0.009766
28.620	0.009766
28.630	0.009766
28.640	0.009766
28.650	0.009766
28.660	0.009766
28.670	0.009766
28.680	0.009766
28.690	0.009766
28.700	0.009766
28.710	0.009766
28.720	0.009766
28.730	0.009766
28.740	0.009766
28.750	0.009766
28.760	0.009766
28.770	0.009766
28.780	0.009766
28.790	0.009766
28.800	0.009766
28.810	0.009766
28.820	0.009766
28.830	0.009766
28.840	0.009766
28.850	0.009766
28.860	0.009766
28.870	0.009766
28.880	0.009766
28.890	0.009766
28.900	0.009766
28.910	0.009766
28.920	0.009766
28.930	0.009766
28.940	0.009766
28.950	0.009766
28.960	0.009766
28.970	0.009766
28.980	0.009766
28.990	0.009766
29.000	0.009766
29.010	0.009766
29.020	0.009766
29.030	0.009766
29.040	0.009766
29.050	0.009766
29.060	0.009766
29.070	0.009766
29.080	0.009766
29.090	0.009766
29.100	0.009766
29.110	0.009766
29.120	0.009766
29.130	0.009766
29.140	0.009766
29.150	0.009766
29.160	0.009766
29.170	0.009766
29.180	0.009766
29.190	0.009766
29.200	0.009766
29.210	0.009766
29.220	0.009766
29.230	0.009766
29.240	0.009766
29.250	0.009766
29.260	0.009766
29.270	0.009766
29.280	0.009766
29.290	0.009766
29.300	0.009766
29.310	0.009766
29.320	0.009766
29.330	0.009766
29.340	0.009766
29.350	0.009766
29.360	0.009766
29.370	0.009766
29.380	0.009766
29.390	0.009766
29.400	0.009766
29.410	0.009766
29.420	0.009766
29.430	0.009766
29.440	0.009766
29.450	0.009766
29.460	0.009766
29.470	0.009766
29.480	0.009766
29.490	0.009766
29.500	0.009766
29.510	0.009766
29.520	0.009766
29.530	0.009766
29.540	0.009766
29.550	0.009766
29.560	0.009766
29.570	0.009766
29.580	0.009766
29.590	0.009766
29.600	0.009766
29.610	0.009766
29.620	0.009766
29.630	0.009766
29.640	0.009766
29.650	0.009766
29.660	0.009766
29.670	0.009766
29.680	0.009766
29.690	0.009766
29.700	0.009766
29.710	0.009766
29.720	0.009766
29.730	0.009766
29.740	0.009766
29.750	0.009766
29.760	0.009766
29.770	0.009766
29.780	0.009766
29.790	0.009766
29.800	0.009766
29.810	0.009766
29.820	0.009766
29.830	0.009766
29.840	0.009766
29.850	0.009766
29.860	0.009766
29.870	0.009766
29.880	0.009766
29.890	0.009766
29.900	0.009766
29.910	0.009766
29.920	0.009766
29.930	0.009766
29.940	0.009766
29.950	0.009766
29.960	0.009766
29.970	0.009766
29.980	0.009766
29.990	0.009766
30.000	0.009766
30.010	0.009766
30.020	0.009766
30.030	0.009766
30.040	0.009766
30.050	0.009766
30.060	0.009766
30.070	0.009766
30.080	0.009766
30.090	0.009766
30.100	0.009766
30.110	0.009766
30.120	0.009766
30.130	0.009766
30.140	0.009766
30.150	0.009766
30.160	0.009766
30.170	0.009766
30.180	0.009766
30.190	0.009766
30.200	0.009766
30.210	0.009766
30.220	0.009766
30.230	0.009766
30.240	0.009766
30.250	0.009766
30.260	0.009766
30.270	0.009766
30.280	0.009766
30.290	0.009766
30.300	0.009766
30.310	0.009766
30.320	0.009766
30.330	0.009766
30.340	0.009766
30.350	0.009766
30.360	0.009766
30.370	0.009766
30.380	0.009766
30.390	0.009766
30.400	0.009766
30.410	0.009766
30.420	0.009766
30.430	0.009766
30.440	0.009766
30.450	0.009766
30.460	0.009766
30.470	0.009766
30.480	0.009766
30.490	0.009766
30.500	0.009766
30.510	0.009766
30.520	0.009766
30.530	0.009766
30.540	0.009766
30.550	0.009766
30.560	0.009766
30.570	0.009766
30.580	0.009766
30.590	0.009766
30.600	0.009766
30.610	0.009766
30.620	0.009766
30.630	0.009766
30.640	0.009766
30.650	0.009766
30.660	0.009766
30.670	0.009766
30.680	0.009766
30.690	0.009766
30.700	0.009766
30.710	0.009766
30.720	0.009766
30.730	0.009766
30.740	0.009766
30.750	0.009766
30.760	0.009766
30.770	0.009766
30.780	0.009766
30.790	0.009766
30.800	0.009766
30.810	0.009766
30.820	0.009766
30.830	0.009766
30.840	0.009766
30.850	0.009766
30.860	0.009766
30.870	0.009766
30.880	0.009766
30.890	0.009766
30.900	0.009766
30.910	0.009766
30.920	0.009766
30.930	0.009766
30.940	0.009766
30.950	0.009766
30.960	0.009766
30.970	0.009766
30.980	0.009766
30.990	0.009766
31.000	0.009766
31.010	0.009766
31.020	0.009766
31.030	0.009766
31.040	0.009766
31.050	0.009766
31.060	0.009766
31.070	0.009766
31.080	0.009766
31.090	0.009766
31.100	0.009766
31.110	0.009766
31.120	0.009766
31.130	0.009766
31.140	0.009766
31.150	0.009766
31.160	0.009766
31.170	0.009766
31.180	0.009766
31.190	0.009766
31.200	0.009766
31.210	0.009766
31.220	0.009766
31.230	0.009766
31.240	0.009766
31.250	0.009766
31.260	0.009766
31.270	0.009766
31.280	0.009766
31.290	0.009766
31.300	0.009766
31.310	0.009766
31.320	0.009766
31.330	0.009766
31.340	0.009766
31.350	0.009766
31.360	0.009766
31.370	0.009766
31.380	0.009766
31.390	0.009766
31.400	0.009766
31.410	0.009766
31.420	0.009766
31.430	0.009766
31.440	0.009766
31.450	0.009766
31.460	0.009766
31.470	0.009766
31.480	0.009766
31.490	0.009766
31.500	0.009766
31.510	0.009766
31.520	0.009766
31.530	0.009766
31.540	0.009766
31.550	0.009766
31.560	0.009766
31.570	0.009766
31.580	0.009766
31.590	0.009766
31.600	0.009766
31.610	0.009766
31.620	0.009766
31.630	0.009766
31.640	0.009766
31.650	0.009766
31.660	0.009766
31.670	0.009766
31.680	0.009766
31.690	0.009766
31.700	0.009766
31.710	0.009766
31.720	0.009766
31.730	0.009766
31.740	0.009766
31.750	0.009766
31.760	0.009766
31.770	0.009766
31.780	0.009766
31.790	0.009766
31.800	0.009766
31.810	0.009766
31.820	0.009766
31.830	0.009766
31.840	0.009766
31.850	0.009766
31.860	0.009766
31.870	0.009766
31.880	0.009766
31.890	0.009766
31.900	0.009766
31.910	0.009766
31.920	0.009766
31.930	0.009766
31.940	0.009766
31.950	0.009766
31.960	0.009766
31.970	0.009766
31.980	0.009766
31.990	0.009766
32.000	0.009766
32.010	0.009766
32.020	0.009766
32.030	0.009766
32.040	0.009766
32.050	0.009766
32.060	0.009766
32.070	0.009766
32.080	0.009766
32.090	0.009766
32.100	0.009766
32.110	0.009766
32.120	0.009766
32.130	0.009766
32.140	0.009766
32.150	0.009766
32.160	0.009766
32.170	0.009766
32.180	0.009766
32.190	0.009766
32.200	0.009766
32.210	0.009766
32.220	0.009766
32.230	0.009766
32.240	0.009766
32.250	0.009766
32.260	0.009766
32.270	0.009766
32.280	0.009766
32.290	0.009766
32.300	0.009766
32.310	0.009766
32.320	0.009766
32.330	0.009766
32.340	0.009766
32.350	0.009766
32.360	0.009766
32.370	0.009766
32.380	0.009766
32.390	0.009766
32.400	0.009766
32.410	0.009766
32.420	0.009766
32.430	0.009766
32.440	0.009766
32.450	0.009766
32.460	0.009766
32.470	0.009766
32.480	0.009766
32.490	0.009766
32.500	0.009766
32.510	0.009766
32.520	0.009766
32.530	0.009766
32.540	0.009766
32.550	0.009766
32.560	0.009766
32.570	0.009766
32.580	0.009766
32.590	0.009766
32.600	0.009766
32.610	0.009766
32.620	0.009766
32.630	0.009766
32.640	0.009766
32.650	0.009766
32.660	0.009766
32.670	0.009766
32.680	0.009766
32.690	0.009766
32.700	0.009766
32.710	0.009766
32.720	0.009766
32.730	0.009766
32.740	0.009766
32.750	0.009766
32.760	0.009766
32.770	0.009766
32.780	0.009766
32.790	0.009766
32.800	0.009766
32.810	0.009766
32.820	0.009766
32.830	0.009766
32.840	0.009766
32.850	0.009766
32.860	0.009766
32.870	0.009766
32.880	0.009766
32.890	0.009766
32.900	0.009766
32.910	0.009766
32.920	0.009766
32.930	0.009766
32.940	0.009766
32.950	0.009766
32.960	0.009766
32.970	0.009766
32.980	0.009766
32.990	0.009766
33.000	0.009766
33.010	0.009766
33.020	0.009766
33.030	0.009766
33.040	0.009766
33.050	0.009766
33.060	0.009766
33.070	0.009766
33.080	0.009766
33.090	0.009766
33.100	0.009766
33.110	0.009766
33.120	0.009766
33.130	0.009766
33.140	0.009766
33.150	0.009766
33.160	0.009766
33.170	0.009766
33.180	0.009766
33.190	0.009766
33.200	0.009766
33.210	0.009766
33.220	0.009766
33.230	0.009766
33.240	0.009766
33.250	0.009766
33.260	0.009766
33.270	0.009766
33.280	0.009766
33.290	0.009766
33.300	0.009766
33.310	0.009766
33.320	0.009766
33.330	0.009766
33.340	0.009766
33.350	0.009766
33.360	0.009766
33.370	0.009766
33.380	0.009766
33.390	0.009766
33.400	0.009766
33.410	0.009766
33.420	0.009766
33.430	0.009766
33.440	0.009766
33.450	0.009766
33.460	0.009766
33.470	0.009766
33.480	0.009766
33.490	0.009766
33.500	0.009766
33.510	0.009766
33.520	0.009766
33.530	0.009766
33.540	0.009766
33.550	0.009766
33.560	0.009766
33.570	0.009766
33.580	0.009766
33.590	0.009766
33.600	0.009766
33.610	0.009766
33.620	0.009766
33.630	0.009766
33.640	0.009766
33.650	0.009766
33.660	0.009766
33.670	0.009766
33.680	0.009766
33.690	0.009766
33.700	0.009766
33.710	0.009766
33.720	0.009766
33.730	0.009766
33.740	0.004883
33.750	0.004883
33.760	0.004883
33.770	0.004883
33.780	0.004883
33.790	0.004883
33.800	0.004883
33.810	0.004883
33.820	0.004883
33.830	0.004883
33.840	0.004883
33.850	0.004883
33.860	0.004883
33.870	0.004883
33.880	0.004883
33.890	0.004883
33.900	0.004883
33.910	0.004883
33.920	0.004883
33.930	0.004883
33.940	0.004883
33.950	0.004883
33.960	0.004883
33.970	0.004883
33.980	0.004883
33.990	0.004883
34.000	0.004883
34.010	0.004883
34.020	0.004883
34.030	0.004883
34.040	0.004883
34.050	0.004883
34.060	0.004883
34.070	0.004883
34.080	0.004883
34.090	0.004883
34.100	0.004883
34.110	0.004883
34.120	0.004883
34.130	0.004883
34.140	0.004883
34.150	0.004883
34.160	0.004883
34.170	0.004883
34.180	0.004883
34.190	0.004883
34.200	0.004883
34.210	0.004883
34.220	0.004883
34.230	0.004883
34.240	0.004883
34.250	0.004883
34.260	0.004883
34.270	0.004883
34.280	0.004883
34.290	0.004883
34.300	0.004883
34.310	0.004883
34.320	0.004883
34.330	0.004883
34.340	0.004883
34.350	0.004883
34.360	0.004883
34.370	0.004883
34.380	0.004883
34.390	0.004883
34.400	0.004883
34.410	0.004883
34.420	0.004883
34.430	0.004883
34.440	0.004883
34.450	0.004883
34.460	0.004883
34.470	0.004883
34.480	0.004883
34.490	0.004883
34.500	0.004883
34.510	0.004883
34.520	0.004883
34.530	0.004883
34.540	0.004883
34.550	0.004883
34.560	0.004883
34.570	0.004883
34.580	0.004883
34.590	0.004883
34.600	0.004883
34.610	0.004883
34.620	0.004883
34.630	0.004883
34.640	0.004883
34.650	0.004883
34.660	0.004883
34.670	0.004883
34.680	0.004883
34.690	0.004883
34.700	0.004883
34.710	0.004883
34.720	0.004883
34.730	0.004883
34.740	0.004883
34.750	0.004883
34.760	0.004883
34.770	0.004883
34.780	0.004883
34.790	0.004883
34.800	0.004883
34.810	0.004883
34.820	0.004883
34.830	0.004883
34.840	0.004883
34.850	0.004883
34.860	0.004883
34.870	0.004883
34.880	0.004883
34.890	0.004883
34.900	0.004883
34.910	0.004883
34.920	0.004883
34.930	0.004883
34.940	0.004883
34.950	0.004883
34.960	0.004883
34.970	0.004883
34.980	0.004883
34.990	0.004883
35.000	0.004883
35.010	0.004883
35.020	0.004883
35.030	0.004883
35.040	0.004883
35.050	0.004883
35.060	0.004883
35.070	0.004883
35.080	0.004883
35.090	0.004883
35.100	0.004883
35.110	0.004883
35.120	0.004883
35.130	0.004883
35.140	0.004883
35.150	0.004883
35.160	0.004883
35.170	0.004883
35.180	0.004883
35.190	0.004883
35.200	0.004883
35.210	0.004883
35.220	0.004883
35.230	0.004883
35.240	0.004883
35.250	0.004883
35.260	0.004883
35.270	0.004883
35.280	0.004883
35.290	0.004883
35.300	0.004883
35.310	0.004883
35.320	0.004883
35.330	0.004883
35.340	0.004883
35.350	0.004883
35.360	0.004883
35.370	0.004883
35.380	0.004883
35.390	0.004883
35.400	0.004883
35.410	0.004883
35.420	0.004883
35.430	0.004883
35.440	0.004883
35.450	0.004883
35.460	0.004883
35.470	0.004883
35.480	0.004883
35.490	0.004883
35.500	0.004883
35.510	0.004883
35.520	0.004883
35.530	0.004883
35.540	0.004883
35.550	0.004883
35.560	0.004883
35.570	0.004883
35.580	0.004883
35.590	0.004883
35.600	0.004883
35.610	0.004883
35.620	0.004883
35.630	0.004883
35.640	0.004883
35.650	0.004883
35.660	0.004883
35.670	0.004883
35.680	0.004883
35.690	0.004883
35.700	0.004883
35.710	0.004883
35.720	0.004883
35.730	0.004883
35.740	0.004883
35.750	0.004883
35.760	0.004883
35.770	0.004883
35.780	0.004883
35.790	0.004883
35.800	0.004883
35.810	0.004883
35.820	0.004883
35.830	0.004883
35.840	0.004883
35.850	0.004883
35.860	0.004883
35.870	0.004883
35.880	0.004883
35.890	0.004883
35.900	0.004883
35.910	0.004883
35.920	0.004883
35.930	0.004883
35.940	0.004883
35.950	0.004883
35.960	0.004883
35.970	0.004883
35.980	0.004883
35.990	0.004883
36.000	0.004883
36.010	0.004883
36.020	0.004883
36.030	0.004883
36.040	0.004883
36.050	0.004883
36.060	0.004883
36.070	0.004883
36.080	0.004883
36.090	0.004883
36.100	0.004883
36.110	0.004883
36.120	0.004883
36.130	0.004883
36.140	0.004883
36.150	0.004883
36.160	0.004883
36.170	0.004883
36.180	0.004883
36.190	0.004883
36.200	0.004883
36.210	0.004883
36.220	0.004883
36.230	0.004883
36.240	0.004883
36.250	0.004883
36.260	0.004883
36.270	0.004883
36.280	0.004883
36.290	0.004883
36.300	0.004883
36.310	0.004883
36.320	0.004883
36.330	0.004883
36.340	0.004883
36.350	0.004883
36.360	0.004883
36.370	0.004883
36.380	0.004883
36.390	0.004883
36.400	0.004883
36.410	0.004883
36.420	0.004883
36.430	0.004883
36.440	0.004883
36.450	0.004883
36.460	0.004883
36.470	0.004883
36.480	0.004883
36.490	0.004883
36.500	0.004883
36.510	0.004883
36.520	0.004883
36.530	0.004883
36.540	0.004883
36.550	0.004883
36.560	0.004883
36.570	0.004883
36.580	0.004883
36.590	0.004883
36.600	0.004883
36.610	0.004883
36.620	0.004883
36.630	0.004883
36.640	0.004883
36.650	0.004883
36.660	0.004883
36.670	0.004883
36.680	0.004883
36.690	0.004883
36.700	0.004883
36.710	0.004883
36.720	0.004883
36.730	0.004883
36.740	0.004883
36.750	0.004883
36.760	0.004883
36.770	0.004883
36.780	0.004883
36.790	0.004883
36.800	0.004883
36.810	0.004883
36.820	0.004883
36.830	0.004883
36.840	0.004883
36.850	0.004883
36.860	0.004883
36.870	0.004883
36.880	0.004883
36.890	0.004883
36.900	0.004883
36.910	0.004883
36.920	0.004883
36.930	0.004883
36.940	0.004883
36.950	0.004883
36.960	0.004883
36.970	0.004883
36.980	0.004883
36.990	0.004883
37.000	0.004883
37.010	0.004883
37.020	0.004883
37.030	0.004883
37.040	0.004883
37.050	0.004883
37.060	0.004883
37.070	0.004883
37.080	0.004883
37.090	0.004883
37.100	0.004883
37.110	0.004883
37.120	0.004883
37.130	0.004883
37.140	0.004883
37.150	0.004883
37.160	0.004883
37.170	0.004883
37.180	0.004883
37.190	0.004883
37.200	0.004883
37.210	0.004883
37.220	0.004883
37.230	0.004883
37.240	0.004883
37.250	0.004883
37.260	0.004883
37.270	0.004883
37.280	0.004883
37.290	0.004883
37.300	0.004883
37.310	0.004883
37.320	0.004883
37.330	0.004883
37.340	0.004883
37.350	0.004883
37.360	0.004883
37.370	0.004883
37.380	0.004883
37.390	0.004883
37.400	0.004883
37.410	0.004883
37.420	0.004883
37.430	0.004883
37.440	0.004883
37.450	0.004883
37.460	0.004883
37.470	0.004883
37.480	0.004883
37.490	0.004883
37.500	0.004883
37.510	0.004883
37.520	0.004883
37.530	0.004883
37.540	0.004883
37.550	0.004883
37.560	0.004883
37.570	0.004883
37.580	0.004883
37.590	0.004883
37.600	0.004883
37.610	0.004883
37.620	0.004883
37.630	0.004883
37.640	0.004883
37.650	0.004883
37.660	0.004883
37.670	0.004883
37.680	0.004883
37.690	0.004883
37.700	0.004883
37.710	0.004883
37.720	0.004883
37.730	0.004883
37.740	0.004883
37.750	0.004883
37.760	0.004883
37.770	0.004883
37.780	0.004883
37.790	0.004883
37.800	0.004883
37.810	0.004883
37.820	0.004883
37.830	0.004883
37.840	0.004883
37.850	0.004883
37.860	0.004883
37.870	0.004883
37.880	0.004883
37.890	0.004883
37.900	0.004883
37.910	0.004883
37.920	0.004883
37.930	0.004883
37.940	0.004883
37.950	0.004883
37.960	0.004883
37.970	0.004883
37.980	0.004883
37.990	0.004883
38.000	0.004883
38.010	0.004883
38.020	0.004883
38.030	0.004883
38.040	0.004883
38.050	0.004883
38.060	0.004883
38.070	0.004883
38.080	0.004883
38.090	0.004883
38.100	0.004883
38.110	0.004883
38.120	0.004883
38.130	0.004883
38.140	0.004883
38.150	0.004883
38.160	0.004883
38.170	0.004883
38.180	0.004883
38.190	0.004883
38.200	0.004883
38.210	0.004883
38.220	0.004883
38.230	0.004883
38.240	0.004883
38.250	0.004883
38.260	0.004883
38.270	0.004883
38.280	0.004883
38.290	0.004883
38.300	0.004883
38.310	0.004883
38.320	0.004883
38.330	0.004883
38.340	0.004883
38.350	0.004883
38.360	0.004883
38.370	0.004883
38.380	0.004883
38.390	0.004883
38.400	0.004883
38.410	0.004883
38.420	0.004883
38.430	0.004883
38.440	0.004883
38.450	0.004883
38.460	0.004883
38.470	0.004883
38.480	0.004883
38.490	0.004883
38.500	0.004883
38.510	0.004883
38.520	0.004883
38.530	0.004883
38.540	0.004883
38.550	0.004883
38.560	0.004883
38.570	0.004883
38.580	0.004883
38.590	0.004883
38.600	0.004883
38.610	0.004883
38.620	0.004883
38.630	0.004883
38.640	0.004883
38.650	0.004883
38.660	0.004883
38.670	0.004883
38.680	0.004883
38.690	0.004883
38.700	0.004883
38.710	0.004883
38.720	0.004883
38.730	0.004883
38.740	0.004883
38.750	0.004883
38.760	0.004883
38.770	0.004883
38.780	0.004883
38.790	0.004883
38.800	0.004883
38.810	0.004883
38.820	0.004883
38.830	0.004883
38.840	0.004883
38.850	0.004883
38.860	0.004883
38.870	0.004883
38.880	0.004883
38.890	0.004883
38.900	0.004883
38.910	0.004883
38.920	0.004883
38.930	0.004883
38.940	0.004883
38.950	0.004883
38.960	0.004883
38.970	0.004883
38.980	0.004883
38.990	0.004883
39.000	0.004883
39.010	0.004883
39.020	0.004883
39.030	0.004883
39.040	0.004883
39.050	0.004883
39.060	0.004883
39.070	0.004883
39.080	0.004883
39.090	0.004883
39.100	0.004883
39.110	0.004883
39.120	0.004883
39.130	0.004883
39.140	0.004883
39.150	0.004883
39.160	0.004883
39.170	0.004883
39.180	0.004883
39.190	0.004883
39.200	0.004883
39.210	0.004883
39.220	0.004883
39.230	0.004883
39.240	0.004883
39.250	0.004883
39.260	0.004883
39.270	0.004883
39.280	0.004883
39.290	0.004883
39.300	0.004883
39.310	0.004883
39.320	0.004883
39.330	0.004883
39.340	0.004883
39.350	0.004883
39.360	0.004883
39.370	0.004883
39.380	0.004883
39.390	0.004883
39.400	0.004883
39.410	0.004883
39.420	0.004883
39.430	0.004883
39.440	0.004883
39.450	0.004883
39.460	0.004883
39.470	0.004883
39.480	0.004883
39.490	0.004883
39.500	0.004883
39.510	0.004883
39.520	0.004883
39.530	0.004883
39.540	0.004883
39.550	0.004883
39.560	0.004883
39.570	0.004883
39.580	0.004883
39.590	0.004883
39.600	0.004883
39.610	0.004883
39.620	0.004883
39.630	0.004883
39.640	0.004883
39.650	0.004883
39.660	0.004883
39.670	0.004883
39.680	0.004883
39.690	0.004883
39.700	0.004883
39.710	0.004883
39.720	0.004883
39.730	0.004883
39.740	0.004883
39.750	0.004883
39.760	0.004883
39.770	0.004883
39.780	0.004883
39.790	0.004883
39.800	0.004883
39.810	0.004883
39.820	0.004883
39.830	0.004883
39.840	0.004883
39.850	0.004883
39.860	0.004883
39.870	0.004883
39.880	0.004883
39.890	0.004883
39.900	0.004883
39.910	0.004883
39.920	0.004883
39.930	0.004883
39.940	0.004883
39.950	0.004883
39.960	0.004883
39.970	0.004883
39.980	0.004883
39.990	0.004883
40.000	0.004883
