# time_in_ns	dG_in_kT
0.000	0.000000
0.010	30.000000
0.020	70.000000
0.030	110.000000
0.040	110.000000
0.050	110.000000
0.060	110.000000
0.070	110.000000
0.080	110.000000
0.090	110.000000
0.100	110.000000
0.110	110.000000
0.120	110.000000
0.130	110.000000
0.140	110.000000
0.150	110.000000
0.160	110.000000
0.170	110.000000
0.180	110.000000
0.190	110.000000
0.200	110.000000
0.210	70.000000
0.220	70.000000
0.230	60.000000
0.240	40.000000
0.250	0.000000
0.260	0.000000
0.270	0.000000
0.280	0.000000
0.290	0.000000
0.300	0.000000
0.310	0.000000
0.320	0.000000
0.330	0.000000
0.340	0.000000
0.350	0.000000
0.360	0.000000
0.370	0.000000
0.380	0.000000
0.390	0.000000
0.400	0.000000
0.410	0.000000
0.420	0.000000
0.430	0.000000
0.440	0.000000
0.450	0.000000
0.460	0.000000
0.470	0.000000
0.480	0.000000
0.490	0.000000
0.500	0.000000
0.510	0.000000
0.520	0.000000
0.530	0.000000
0.540	0.000000
0.550	0.000000
0.560	0.000000
0.570	0.000000
0.580	0.000000
0.590	0.000000
0.600	0.000000
0.610	0.000000
0.620	40.000000
0.630	40.000000
0.640	40.000000
0.650	40.000000
0.660	40.000000
0.670	40.000000
0.680	40.000000
0.690	40.000000
0.700	40.000000
0.710	40.000000
0.720	40.000000
0.730	40.000000
0.740	40.000000
0.750	40.000000
0.760	40.000000
0.770	40.000000
0.780	40.000000
0.790	40.000000
0.800	40.000000
0.810	40.000000
0.820	40.000000
0.830	40.000000
0.840	40.000000
0.850	40.000000
0.860	40.000000
0.870	40.000000
0.880	40.000000
0.890	40.000000
0.900	40.000000
0.910	40.000000
0.920	40.000000
0.930	40.000000
0.940	40.000000
0.950	40.000000
0.960	40.000000
0.970	40.000000
0.980	40.000000
0.990	40.000000
1.000	40.000000
1.010	40.000000
1.020	40.000000
1.030	40.000000
1.040	40.000000
1.050	40.000000
1.060	40.000000
1.070	40.000000
1.080	40.000000
1.090	40.000000
1.100	40.000000
1.110	40.000000
1.120	40.000000
1.130	40.000000
1.140	40.000000
1.150	50.000000
1.160	90.000000
1.170	90.000000
1.180	90.000000
1.190	90.000000
1.200	90.000000
1.210	90.000000
1.220	130.000000
1.230	170.000000
1.240	170.000000
1.250	170.000000
1.260	170.000000
1.270	170.000000
1.280	170.000000
1.290	170.000000
1.300	170.000000
1.310	190.000000
1.320	230.000000
1.330	230.000000
1.340	230.000000
1.350	230.000000
1.360	290.000000
1.370	290.000000
1.380	290.000000
1.390	290.000000
1.400	290.000000
1.410	290.000000
1.420	290.000000
1.430	290.000000
1.440	290.000000
1.450	290.000000
1.460	290.000000
1.470	290.000000
1.480	290.000000
1.490	290.000000
1.500	290.000000
1.510	290.000000
1.520	290.000000
1.530	290.000000
1.540	290.000000
1.550	290.000000
1.560	290.000000
1.570	290.000000
1.580	250.000000
1.590	230.000000
1.600	220.000000
1.610	150.000000
1.620	150.000000
1.630	150.000000
1.640	150.000000
1.650	110.000000
1.660	110.000000
1.670	50.000000
1.680	50.000000
1.690	50.000000
1.700	50.000000
1.710	50.000000
1.720	50.000000
1.730	50.000000
1.740	50.000000
1.750	50.000000
1.760	50.000000
1.770	50.000000
1.780	50.000000
1.790	50.000000
1.800	50.000000
1.810	50.000000
1.820	50.000000
1.830	50.000000
1.840	50.000000
1.850	35.000000
1.860	35.000000
1.870	35.000000
1.880	15.000000
1.890	15.000000
1.900	15.000000
1.910	15.000000
1.920	15.000000
1.930	15.000000
1.940	15.000000
1.950	15.000000
1.960	15.000000
1.970	15.000000
1.980	15.000000
1.990	15.000000
2.000	15.000000
2.010	15.000000
2.020	15.000000
2.030	15.000000
2.040	15.000000
2.050	15.000000
2.060	15.000000
2.070	15.000000
2.080	15.000000
2.090	15.000000
2.100	15.000000
2.110	15.000000
2.120	15.000000
2.130	15.000000
2.140	15.000000
2.150	15.000000
2.160	15.000000
2.170	15.000000
2.180	15.000000
2.190	15.000000
2.200	15.000000
2.210	15.000000
2.220	15.000000
2.230	15.000000
2.240	15.000000
2.250	15.000000
2.260	5.000000
2.270	-15.000000
2.280	-35.000000
2.290	-35.000000
2.300	-35.000000
2.310	-35.000000
2.320	-40.000000
2.330	-50.000000
2.340	-50.000000
2.350	-50.000000
2.360	-50.000000
2.370	-50.000000
2.380	-50.000000
2.390	-50.000000
2.400	-50.000000
2.410	-50.000000
2.420	-50.000000
2.430	-50.000000
2.440	-50.000000
2.450	-50.000000
2.460	-80.000000
2.470	-85.000000
2.480	-85.000000
2.490	-85.000000
2.500	-85.000000
2.510	-85.000000
2.520	-85.000000
2.530	-85.000000
2.540	-85.000000
2.550	-85.000000
2.560	-85.000000
2.570	-85.000000
2.580	-85.000000
2.590	-85.000000
2.600	-85.000000
2.610	-85.000000
2.620	-85.000000
2.630	-85.000000
2.640	-85.000000
2.650	-85.000000
2.660	-85.000000
2.670	-85.000000
2.680	-85.000000
2.690	-85.000000
2.700	-85.000000
2.710	-80.000000
2.720	-50.000000
2.730	-30.000000
2.740	0.000000
2.750	0.000000
2.760	0.000000
2.770	0.000000
2.780	0.000000
2.790	0.000000
2.800	0.000000
2.810	0.000000
2.820	0.000000
2.830	0.000000
2.840	0.000000
2.850	0.000000
2.860	0.000000
2.870	0.000000
2.880	0.000000
2.890	0.000000
2.900	0.000000
2.910	0.000000
2.920	0.000000
2.930	0.000000
2.940	-20.000000
2.950	-45.000000
2.960	-45.000000
2.970	-45.000000
2.980	-65.000000
2.990	-75.000000
3.000	-75.000000
3.010	-75.000000
3.020	-75.000000
3.030	-75.000000
3.040	-75.000000
3.050	-75.000000
3.060	-75.000000
3.070	-75.000000
3.080	-75.000000
3.090	-75.000000
3.100	-90.000000
3.110	-110.000000
3.120	-110.000000
3.130	-110.000000
3.140	-110.000000
3.150	-110.000000
3.160	-110.000000
3.170	-110.000000
3.180	-110.000000
3.190	-110.000000
3.200	-110.000000
3.210	-110.000000
3.220	-110.000000
3.230	-110.000000
3.240	-110.000000
3.250	-110.000000
3.260	-110.000000
3.270	-110.000000
3.280	-110.000000
3.290	-110.000000
3.300	-110.000000
3.310	-110.000000
3.320	-110.000000
3.330	-110.000000
3.340	-110.000000
3.350	-110.000000
3.360	-110.000000
3.370	-110.000000
3.380	-110.000000
3.390	-110.000000
3.400	-110.000000
3.410	-110.000000
3.420	-110.000000
3.430	-110.000000
3.440	-110.000000
3.450	-110.000000
3.460	-110.000000
3.470	-110.000000
3.480	-110.000000
3.490	-110.000000
3.500	-75.000000
3.510	-65.000000
3.520	-65.000000
3.530	-65.000000
3.540	-65.000000
3.550	-65.000000
3.560	-65.000000
3.570	-65.000000
3.580	-65.000000
3.590	-65.000000
3.600	-65.000000
3.610	-65.000000
3.620	-65.000000
3.630	-65.000000
3.640	-50.000000
3.650	-50.000000
3.660	-50.000000
3.670	-40.000000
3.680	-15.000000
3.690	-15.000000
3.700	-15.000000
3.710	-15.000000
3.720	-15.000000
3.730	-15.000000
3.740	-15.000000
3.750	-5.000000
3.760	20.000000
3.770	20.000000
3.780	20.000000
3.790	20.000000
3.800	20.000000
3.810	20.000000
3.820	20.000000
3.830	20.000000
3.840	20.000000
3.850	20.000000
3.860	20.000000
3.870	20.000000
3.880	20.000000
3.890	20.000000
3.900	20.000000
3.910	20.000000
3.920	20.000000
3.930	20.000000
3.940	20.000000
3.950	20.000000
3.960	20.000000
3.970	20.000000
3.980	20.000000
3.990	20.000000
4.000	20.000000
4.010	20.000000
4.020	20.000000
4.030	20.000000
4.040	20.000000
4.050	20.000000
4.060	20.000000
4.070	20.000000
4.080	20.000000
4.090	20.000000
4.100	20.000000
4.110	20.000000
4.120	20.000000
4.130	20.000000
4.140	40.000000
4.150	60.000000
4.160	60.000000
4.170	60.000000
4.180	60.000000
4.190	60.000000
4.200	60.000000
4.210	85.000000
4.220	85.000000
4.230	95.000000
4.240	95.000000
4.250	95.000000
4.260	95.000000
4.270	95.000000
4.280	95.000000
4.290	95.000000
4.300	95.000000
4.310	95.000000
4.320	95.000000
4.330	95.000000
4.340	95.000000
4.350	95.000000
4.360	95.000000
4.370	95.000000
4.380	95.000000
4.390	97.500000
4.400	112.500000
4.410	120.000000
4.420	125.000000
4.430	125.000000
4.440	125.000000
4.450	125.000000
4.460	125.000000
4.470	125.000000
4.480	125.000000
4.490	125.000000
4.500	125.000000
4.510	125.000000
4.520	125.000000
4.530	125.000000
4.540	125.000000
4.550	125.000000
4.560	125.000000
4.570	125.000000
4.580	125.000000
4.590	125.000000
4.600	125.000000
4.610	125.000000
4.620	125.000000
4.630	125.000000
4.640	125.000000
4.650	125.000000
4.660	125.000000
4.670	125.000000
4.680	125.000000
4.690	125.000000
4.700	125.000000
4.710	115.000000
4.720	110.000000
4.730	107.500000
4.740	107.500000
4.750	107.500000
4.760	97.500000
4.770	90.000000
4.780	90.000000
4.790	85.000000
4.800	85.000000
4.810	85.000000
4.820	85.000000
4.830	85.000000
4.840	85.000000
4.850	85.000000
4.860	80.000000
4.870	65.000000
4.880	65.000000
4.890	65.000000
4.900	65.000000
4.910	65.000000
4.920	65.000000
4.930	65.000000
4.940	65.000000
4.950	65.000000
4.960	65.000000
4.970	65.000000
4.980	65.000000
4.990	60.000000
5.000	45.000000
5.010	37.500000
5.020	37.500000
5.030	37.500000
5.040	37.500000
5.050	37.500000
5.060	37.500000
5.070	37.500000
5.080	37.500000
5.090	37.500000
5.100	37.500000
5.110	37.500000
5.120	37.500000
5.130	37.500000
5.140	30.000000
5.150	15.000000
5.160	15.000000
5.170	15.000000
5.180	15.000000
5.190	15.000000
5.200	15.000000
5.210	15.000000
5.220	15.000000
5.230	15.000000
5.240	15.000000
5.250	15.000000
5.260	15.000000
5.270	15.000000
5.280	15.000000
5.290	15.000000
5.300	15.000000
5.310	15.000000
5.320	15.000000
5.330	15.000000
5.340	15.000000
5.350	15.000000
5.360	15.000000
5.370	15.000000
5.380	15.000000
5.390	15.000000
5.400	15.000000
5.410	15.000000
5.420	15.000000
5.430	0.000000
5.440	-10.000000
5.450	-10.000000
5.460	-10.000000
5.470	-10.000000
5.480	-10.000000
5.490	-10.000000
5.500	-10.000000
5.510	-10.000000
5.520	-10.000000
5.530	-12.500000
5.540	-20.000000
5.550	-25.000000
5.560	-25.000000
5.570	-25.000000
5.580	-25.000000
5.590	-25.000000
5.600	-25.000000
5.610	-25.000000
5.620	-25.000000
5.630	-25.000000
5.640	-25.000000
5.650	-37.500000
5.660	-37.500000
5.670	-37.500000
5.680	-37.500000
5.690	-37.500000
5.700	-37.500000
5.710	-37.500000
5.720	-37.500000
5.730	-37.500000
5.740	-37.500000
5.750	-37.500000
5.760	-37.500000
5.770	-37.500000
5.780	-37.500000
5.790	-37.500000
5.800	-37.500000
5.810	-37.500000
5.820	-37.500000
5.830	-37.500000
5.840	-37.500000
5.850	-27.500000
5.860	-27.500000
5.870	-20.000000
5.880	-17.500000
5.890	-17.500000
5.900	-17.500000
5.910	-17.500000
5.920	-10.000000
5.930	-10.000000
5.940	-10.000000
5.950	-10.000000
5.960	-10.000000
5.970	2.500000
5.980	2.500000
5.990	2.500000
6.000	2.500000
6.010	2.500000
6.020	7.500000
6.030	27.500000
6.040	27.500000
6.050	27.500000
6.060	27.500000
6.070	27.500000
6.080	27.500000
6.090	27.500000
6.100	27.500000
6.110	27.500000
6.120	27.500000
6.130	27.500000
6.140	27.500000
6.150	27.500000
6.160	27.500000
6.170	27.500000
6.180	27.500000
6.190	27.500000
6.200	27.500000
6.210	27.500000
6.220	27.500000
6.230	27.500000
6.240	27.500000
6.250	27.500000
6.260	27.500000
6.270	27.500000
6.280	27.500000
6.290	27.500000
6.300	27.500000
6.310	17.500000
6.320	10.000000
6.330	5.000000
6.340	5.000000
6.350	5.000000
6.360	5.000000
6.370	5.000000
6.380	5.000000
6.390	5.000000
6.400	5.000000
6.410	5.000000
6.420	5.000000
6.430	5.000000
6.440	5.000000
6.450	5.000000
6.460	0.000000
6.470	-10.000000
6.480	-20.000000
6.490	-20.000000
6.500	-20.000000
6.510	-20.000000
6.520	-20.000000
6.530	-20.000000
6.540	-20.000000
6.550	-20.000000
6.560	-20.000000
6.570	-20.000000
6.580	-20.000000
6.590	-20.000000
6.600	-20.000000
6.610	-20.000000
6.620	-20.000000
6.630	-20.000000
6.640	-20.000000
6.650	-20.000000
6.660	-7.500000
6.670	-2.500000
6.680	5.000000
6.690	5.000000
6.700	5.000000
6.710	5.000000
6.720	5.000000
6.730	5.000000
6.740	5.000000
6.750	17.500000
6.760	20.000000
6.770	32.500000
6.780	32.500000
6.790	32.500000
6.800	32.500000
6.810	32.500000
6.820	32.500000
6.830	32.500000
6.840	32.500000
6.850	32.500000
6.860	32.500000
6.870	32.500000
6.880	32.500000
6.890	32.500000
6.900	32.500000
6.910	32.500000
6.920	32.500000
6.930	32.500000
6.940	32.500000
6.950	32.500000
6.960	32.500000
6.970	32.500000
6.980	32.500000
6.990	32.500000
7.000	32.500000
7.010	32.500000
7.020	32.500000
7.030	32.500000
7.040	32.500000
7.050	32.500000
7.060	32.500000
7.070	32.500000
7.080	32.500000
7.090	32.500000
7.100	32.500000
7.110	32.500000
7.120	32.500000
7.130	32.500000
7.140	32.500000
7.150	32.500000
7.160	32.500000
7.170	32.500000
7.180	32.500000
7.190	32.500000
7.200	32.500000
7.210	32.500000
7.220	32.500000
7.230	32.500000
7.240	32.500000
7.250	32.500000
7.260	32.500000
7.270	32.500000
7.280	32.500000
7.290	32.500000
7.300	32.500000
7.310	32.500000
7.320	32.500000
7.330	32.500000
7.340	32.500000
7.350	32.500000
7.360	32.500000
7.370	32.500000
7.380	32.500000
7.390	32.500000
7.400	32.500000
7.410	32.500000
7.420	32.500000
7.430	32.500000
7.440	32.500000
7.450	32.500000
7.460	32.500000
7.470	32.500000
7.480	32.500000
7.490	32.500000
7.500	32.500000
7.510	32.500000
7.520	32.500000
7.530	32.500000
7.540	32.500000
7.550	32.500000
7.560	32.500000
7.570	32.500000
7.580	32.500000
7.590	32.500000
7.600	32.500000
7.610	32.500000
7.620	32.500000
7.630	32.500000
7.640	32.500000
7.650	32.500000
7.660	32.500000
7.670	32.500000
7.680	32.500000
7.690	32.500000
7.700	32.500000
7.710	32.500000
7.720	32.500000
7.730	32.500000
7.740	32.500000
7.750	32.500000
7.760	32.500000
7.770	32.500000
7.780	32.500000
7.790	31.250000
7.800	21.250000
7.810	21.250000
7.820	21.250000
7.830	21.250000
7.840	21.250000
7.850	18.750000
7.860	11.250000
7.870	7.500000
7.880	7.500000
7.890	7.500000
7.900	7.500000
7.910	7.500000
7.920	7.500000
7.930	7.500000
7.940	7.500000
7.950	7.500000
7.960	7.500000
7.970	7.500000
7.980	7.500000
7.990	7.500000
8.000	7.500000
8.010	7.500000
8.020	7.500000
8.030	7.500000
8.040	7.500000
8.050	7.500000
8.060	7.500000
8.070	7.500000
8.080	7.500000
8.090	7.500000
8.100	7.500000
8.110	7.500000
8.120	7.500000
8.130	7.500000
8.140	2.500000
8.150	2.500000
8.160	2.500000
8.170	2.500000
8.180	-5.000000
8.190	-5.000000
8.200	-5.000000
8.210	-5.000000
8.220	-5.000000
8.230	-5.000000
8.240	-5.000000
8.250	-5.000000
8.260	-5.000000
8.270	-5.000000
8.280	-5.000000
8.290	-5.000000
8.300	-5.000000
8.310	-5.000000
8.320	-5.000000
8.330	-5.000000
8.340	-5.000000
8.350	-5.000000
8.360	-5.000000
8.370	-5.000000
8.380	-5.000000
8.390	-5.000000
8.400	-5.000000
8.410	-5.000000
8.420	-5.000000
8.430	-5.000000
8.440	-5.000000
8.450	-5.000000
8.460	-5.000000
8.470	-5.000000
8.480	-12.500000
8.490	-12.500000
8.500	-17.500000
8.510	-17.500000
8.520	-17.500000
8.530	-17.500000
8.540	-17.500000
8.550	-17.500000
8.560	-17.500000
8.570	-17.500000
8.580	-17.500000
8.590	-20.000000
8.600	-27.500000
8.610	-31.250000
8.620	-31.250000
8.630	-31.250000
8.640	-31.250000
8.650	-31.250000
8.660	-31.250000
8.670	-40.000000
8.680	-40.000000
8.690	-43.750000
8.700	-46.250000
8.710	-46.250000
8.720	-46.250000
8.730	-46.250000
8.740	-46.250000
8.750	-46.250000
8.760	-46.250000
8.770	-46.250000
8.780	-46.250000
8.790	-46.250000
8.800	-46.250000
8.810	-46.250000
8.820	-46.250000
8.830	-46.250000
8.840	-46.250000
8.850	-46.250000
8.860	-46.250000
8.870	-46.250000
8.880	-46.250000
8.890	-46.250000
8.900	-46.250000
8.910	-46.250000
8.920	-46.250000
8.930	-46.250000
8.940	-46.250000
8.950	-46.250000
8.960	-42.500000
8.970	-36.250000
8.980	-36.250000
8.990	-36.250000
9.000	-36.250000
9.010	-36.250000
9.020	-36.250000
9.030	-36.250000
9.040	-36.250000
9.050	-35.000000
9.060	-31.250000
9.070	-23.750000
9.080	-21.250000
9.090	-21.250000
9.100	-21.250000
9.110	-16.250000
9.120	-16.250000
9.130	-16.250000
9.140	-16.250000
9.150	-16.250000
9.160	-16.250000
9.170	-16.250000
9.180	-16.250000
9.190	-11.250000
9.200	-11.250000
9.210	-11.250000
9.220	-8.750000
9.230	2.500000
9.240	2.500000
9.250	2.500000
9.260	2.500000
9.270	2.500000
9.280	2.500000
9.290	2.500000
9.300	2.500000
9.310	2.500000
9.320	2.500000
9.330	2.500000
9.340	2.500000
9.350	2.500000
9.360	2.500000
9.370	2.500000
9.380	2.500000
9.390	2.500000
9.400	2.500000
9.410	2.500000
9.420	2.500000
9.430	2.500000
9.440	2.500000
9.450	2.500000
9.460	2.500000
9.470	2.500000
9.480	2.500000
9.490	2.500000
9.500	2.500000
9.510	2.500000
9.520	2.500000
9.530	2.500000
9.540	3.750000
9.550	8.750000
9.560	8.750000
9.570	8.750000
9.580	8.750000
9.590	8.750000
9.600	8.750000
9.610	8.750000
9.620	8.750000
9.630	8.750000
9.640	8.750000
9.650	8.750000
9.660	8.750000
9.670	8.750000
9.680	8.750000
9.690	8.750000
9.700	8.750000
9.710	8.750000
9.720	8.750000
9.730	8.750000
9.740	8.750000
9.750	8.750000
9.760	8.750000
9.770	0.000000
9.780	-2.500000
9.790	-2.500000
9.800	-2.500000
9.810	-2.500000
9.820	-2.500000
9.830	-2.500000
9.840	-2.500000
9.850	-2.500000
9.860	-2.500000
9.870	-2.500000
9.880	-2.500000
9.890	-2.500000
9.900	-2.500000
9.910	-2.500000
9.920	-2.500000
9.930	-2.500000
9.940	-2.500000
9.950	0.000000
9.960	0.000000
9.970	5.625000
9.980	5.625000
9.990	5.625000
10.000	5.625000
10.010	5.625000
10.020	5.625000
10.030	5.625000
10.040	5.625000
10.050	5.625000
10.060	5.625000
10.070	5.625000
10.080	5.625000
10.090	5.625000
10.100	5.625000
10.110	5.625000
10.120	5.625000
10.130	5.625000
10.140	5.625000
10.150	5.625000
10.160	5.625000
10.170	5.625000
10.180	5.625000
10.190	5.625000
10.200	5.625000
10.210	5.625000
10.220	5.625000
10.230	5.625000
10.240	5.625000
10.250	5.625000
10.260	5.625000
10.270	5.625000
10.280	5.625000
10.290	5.625000
10.300	5.625000
10.310	5.625000
10.320	5.625000
10.330	5.625000
10.340	5.625000
10.350	5.625000
10.360	5.625000
10.370	5.625000
10.380	5.625000
10.390	5.625000
10.400	5.625000
10.410	5.625000
10.420	5.625000
10.430	5.625000
10.440	5.625000
10.450	5.625000
10.460	5.625000
10.470	5.625000
10.480	5.625000
10.490	5.625000
10.500	5.625000
10.510	5.625000
10.520	5.625000
10.530	5.625000
10.540	5.625000
10.550	5.625000
10.560	5.625000
10.570	5.625000
10.580	5.625000
10.590	5.625000
10.600	5.625000
10.610	5.625000
10.620	5.625000
10.630	5.625000
10.640	5.625000
10.650	5.625000
10.660	5.625000
10.670	5.625000
10.680	5.625000
10.690	5.625000
10.700	5.625000
10.710	5.625000
10.720	5.625000
10.730	5.625000
10.740	5.625000
10.750	5.625000
10.760	5.625000
10.770	5.625000
10.780	5.625000
10.790	5.625000
10.800	5.625000
10.810	5.625000
10.820	5.625000
10.830	5.625000
10.840	5.625000
10.850	5.625000
10.860	5.625000
10.870	5.625000
10.880	5.625000
10.890	5.625000
10.900	5.625000
10.910	5.625000
10.920	5.625000
10.930	5.625000
10.940	5.625000
10.950	8.750000
10.960	12.500000
10.970	13.125000
10.980	15.625000
10.990	15.625000
11.000	15.625000
11.010	15.625000
11.020	15.625000
11.030	15.625000
11.040	15.625000
11.050	15.625000
11.060	15.625000
11.070	15.625000
11.080	15.625000
11.090	15.625000
11.100	15.625000
11.110	15.625000
11.120	15.625000
11.130	15.625000
11.140	15.625000
11.150	15.625000
11.160	15.625000
11.170	15.625000
11.180	15.625000
11.190	15.625000
11.200	15.625000
11.210	15.625000
11.220	15.625000
11.230	15.625000
11.240	15.625000
11.250	15.625000
11.260	20.000000
11.270	21.875000
11.280	22.500000
11.290	23.750000
11.300	23.750000
11.310	25.000000
11.320	28.125000
11.330	28.125000
11.340	28.125000
11.350	28.125000
11.360	28.125000
11.370	28.125000
11.380	28.125000
11.390	28.125000
11.400	28.125000
11.410	28.125000
11.420	28.125000
11.430	28.125000
11.440	28.125000
11.450	28.125000
11.460	26.250000
11.470	23.750000
11.480	22.500000
11.490	22.500000
11.500	22.500000
11.510	22.500000
11.520	22.500000
11.530	22.500000
11.540	22.500000
11.550	19.375000
11.560	18.125000
11.570	15.625000
11.580	15.625000
11.590	15.625000
11.600	15.625000
11.610	13.125000
11.620	13.125000
11.630	13.125000
11.640	13.125000
11.650	13.125000
11.660	13.125000
11.670	13.125000
11.680	13.125000
11.690	13.125000
11.700	13.125000
11.710	13.125000
11.720	13.125000
11.730	13.125000
11.740	13.125000
11.750	13.125000
11.760	13.125000
11.770	13.125000
11.780	13.125000
11.790	13.125000
11.800	13.125000
11.810	13.125000
11.820	13.125000
11.830	13.125000
11.840	13.125000
11.850	13.125000
11.860	13.125000
11.870	13.125000
11.880	13.125000
11.890	13.125000
11.900	13.125000
11.910	13.125000
11.920	13.125000
11.930	13.125000
11.940	13.125000
11.950	13.125000
11.960	13.125000
11.970	13.125000
11.980	13.125000
11.990	13.125000
12.000	13.125000
12.010	13.125000
12.020	10.000000
12.030	9.375000
12.040	9.375000
12.050	9.375000
12.060	9.375000
12.070	9.375000
12.080	7.187500
12.090	5.937500
12.100	5.937500
12.110	5.937500
12.120	5.937500
12.130	5.937500
12.140	5.937500
12.150	5.937500
12.160	5.937500
12.170	5.937500
12.180	5.937500
12.190	5.937500
12.200	5.937500
12.210	5.937500
12.220	5.937500
12.230	5.937500
12.240	5.937500
12.250	5.937500
12.260	5.937500
12.270	5.937500
12.280	5.937500
12.290	5.937500
12.300	5.937500
12.310	5.937500
12.320	5.937500
12.330	5.937500
12.340	5.937500
12.350	5.937500
12.360	5.000000
12.370	4.687500
12.380	4.687500
12.390	4.687500
12.400	4.687500
12.410	4.687500
12.420	4.687500
12.430	4.687500
12.440	4.687500
12.450	4.687500
12.460	4.687500
12.470	4.687500
12.480	4.687500
12.490	4.687500
12.500	4.687500
12.510	4.687500
12.520	4.687500
12.530	4.687500
12.540	4.687500
12.550	4.687500
12.560	4.687500
12.570	4.687500
12.580	4.687500
12.590	4.687500
12.600	4.687500
12.610	4.687500
12.620	4.687500
12.630	4.687500
12.640	4.687500
12.650	4.687500
12.660	4.687500
12.670	4.687500
12.680	4.687500
12.690	4.687500
12.700	4.687500
12.710	4.687500
12.720	4.687500
12.730	4.687500
12.740	4.687500
12.750	6.250000
12.760	7.187500
12.770	7.187500
12.780	7.187500
12.790	7.187500
12.800	7.187500
12.810	7.187500
12.820	7.187500
12.830	7.187500
12.840	7.187500
12.850	7.187500
12.860	7.187500
12.870	7.187500
12.880	7.187500
12.890	8.750000
12.900	10.000000
12.910	10.625000
12.920	11.875000
12.930	13.437500
12.940	13.750000
12.950	13.750000
12.960	13.750000
12.970	13.750000
12.980	13.750000
12.990	13.750000
13.000	13.750000
13.010	13.750000
13.020	13.750000
13.030	13.750000
13.040	13.750000
13.050	13.750000
13.060	13.750000
13.070	13.750000
13.080	13.750000
13.090	13.750000
13.100	13.750000
13.110	13.750000
13.120	13.750000
13.130	13.750000
13.140	13.750000
13.150	13.750000
13.160	13.750000
13.170	13.750000
13.180	15.000000
13.190	16.250000
13.200	16.250000
13.210	16.250000
13.220	16.250000
13.230	16.250000
13.240	16.250000
13.250	16.250000
13.260	16.250000
13.270	16.250000
13.280	16.250000
13.290	16.250000
13.300	16.250000
13.310	16.250000
13.320	16.250000
13.330	16.250000
13.340	16.250000
13.350	16.250000
13.360	16.250000
13.370	16.250000
13.380	16.250000
13.390	16.250000
13.400	16.250000
13.410	16.250000
13.420	16.250000
13.430	16.250000
13.440	16.250000
13.450	16.250000
13.460	16.250000
13.470	16.250000
13.480	16.250000
13.490	16.250000
13.500	16.250000
13.510	16.250000
13.520	16.250000
13.530	16.250000
13.540	16.250000
13.550	16.250000
13.560	16.250000
13.570	16.250000
13.580	16.250000
13.590	16.250000
13.600	16.250000
13.610	16.250000
13.620	16.250000
13.630	16.250000
13.640	16.250000
13.650	16.250000
13.660	17.187500
13.670	19.687500
13.680	21.250000
13.690	22.187500
13.700	22.812500
13.710	22.812500
13.720	22.812500
13.730	22.812500
13.740	22.812500
13.750	22.812500
13.760	22.812500
13.770	22.812500
13.780	22.812500
13.790	22.812500
13.800	22.812500
13.810	22.812500
13.820	22.812500
13.830	22.812500
13.840	22.812500
13.850	22.812500
13.860	22.812500
13.870	22.812500
13.880	22.812500
13.890	22.812500
13.900	22.812500
13.910	22.812500
13.920	22.812500
13.930	23.750000
13.940	25.312500
13.950	25.625000
13.960	26.875000
13.970	27.187500
13.980	27.187500
13.990	27.187500
14.000	27.187500
14.010	27.187500
14.020	27.187500
14.030	27.187500
14.040	27.187500
14.050	27.187500
14.060	27.187500
14.070	27.187500
14.080	27.187500
14.090	27.187500
14.100	27.187500
14.110	27.187500
14.120	27.187500
14.130	27.187500
14.140	27.187500
14.150	27.187500
14.160	27.187500
14.170	27.187500
14.180	27.187500
14.190	27.187500
14.200	27.187500
14.210	27.187500
14.220	27.187500
14.230	27.187500
14.240	27.187500
14.250	27.187500
14.260	27.187500
14.270	27.812500
14.280	29.375000
14.290	29.375000
14.300	29.375000
14.310	29.375000
14.320	29.375000
14.330	29.375000
14.340	29.375000
14.350	29.375000
14.360	29.375000
14.370	29.375000
14.380	29.375000
14.390	29.375000
14.400	29.375000
14.410	29.375000
14.420	29.375000
14.430	29.375000
14.440	29.375000
14.450	29.375000
14.460	29.375000
14.470	30.625000
14.480	31.250000
14.490	33.750000
14.500	33.750000
14.510	33.750000
14.520	33.750000
14.530	33.750000
14.540	33.750000
14.550	33.750000
14.560	33.750000
14.570	33.750000
14.580	33.750000
14.590	33.750000
14.600	33.750000
14.610	33.750000
14.620	33.750000
14.630	33.750000
14.640	32.812500
14.650	32.500000
14.660	30.312500
14.670	28.437500
14.680	27.187500
14.690	27.187500
14.700	27.187500
14.710	27.187500
14.720	27.187500
14.730	27.187500
14.740	26.250000
14.750	24.375000
14.760	24.062500
14.770	24.062500
14.780	24.062500
14.790	24.062500
14.800	23.125000
14.810	22.187500
14.820	22.187500
14.830	21.875000
14.840	21.875000
14.850	21.875000
14.860	21.250000
14.870	19.062500
14.880	16.875000
14.890	15.937500
14.900	15.937500
14.910	15.937500
14.920	15.937500
14.930	15.937500
14.940	15.937500
14.950	15.937500
14.960	15.937500
14.970	15.937500
14.980	15.937500
14.990	15.937500
15.000	15.937500
15.010	15.937500
15.020	15.937500
15.030	15.937500
15.040	15.937500
15.050	15.937500
15.060	15.937500
15.070	15.937500
15.080	15.937500
15.090	15.937500
15.100	15.937500
15.110	15.937500
15.120	15.937500
15.130	15.937500
15.140	15.937500
15.150	15.937500
15.160	15.937500
15.170	15.937500
15.180	15.937500
15.190	15.937500
15.200	15.937500
15.210	15.937500
15.220	15.937500
15.230	15.937500
15.240	15.937500
15.250	15.937500
15.260	15.937500
15.270	15.937500
15.280	15.937500
15.290	15.937500
15.300	15.937500
15.310	15.937500
15.320	15.937500
15.330	15.937500
15.340	15.937500
15.350	15.937500
15.360	15.937500
15.370	15.937500
15.380	15.937500
15.390	15.937500
15.400	15.937500
15.410	15.937500
15.420	15.625000
15.430	15.625000
15.440	13.125000
15.450	11.875000
15.460	11.562500
15.470	11.562500
15.480	11.562500
15.490	11.562500
15.500	11.562500
15.510	11.562500
15.520	11.562500
15.530	11.562500
15.540	11.562500
15.550	11.562500
15.560	11.562500
15.570	11.562500
15.580	11.562500
15.590	11.562500
15.600	11.562500
15.610	11.562500
15.620	11.562500
15.630	11.562500
15.640	11.562500
15.650	11.562500
15.660	11.562500
15.670	11.562500
15.680	11.562500
15.690	11.562500
15.700	11.562500
15.710	10.937500
15.720	9.375000
15.730	9.375000
15.740	9.375000
15.750	9.375000
15.760	9.375000
15.770	9.375000
15.780	9.375000
15.790	9.375000
15.800	9.375000
15.810	9.375000
15.820	9.375000
15.830	9.375000
15.840	9.375000
15.850	9.375000
15.860	9.375000
15.870	9.375000
15.880	9.375000
15.890	9.375000
15.900	9.375000
15.910	9.375000
15.920	9.375000
15.930	9.375000
15.940	9.375000
15.950	9.375000
15.960	9.375000
15.970	9.375000
15.980	9.375000
15.990	9.375000
16.000	9.375000
16.010	9.375000
16.020	9.375000
16.030	9.375000
16.040	9.375000
16.050	9.375000
16.060	9.375000
16.070	9.375000
16.080	9.375000
16.090	9.375000
16.100	9.375000
16.110	9.375000
16.120	9.375000
16.130	9.375000
16.140	9.375000
16.150	9.375000
16.160	9.375000
16.170	9.375000
16.180	9.218750
16.190	9.062500
16.200	8.906250
16.210	8.125000
16.220	7.343750
16.230	6.718750
16.240	6.406250
16.250	6.406250
16.260	6.250000
16.270	6.250000
16.280	6.250000
16.290	6.250000
16.300	6.250000
16.310	6.250000
16.320	6.250000
16.330	6.250000
16.340	6.250000
16.350	6.250000
16.360	6.250000
16.370	6.250000
16.380	6.250000
16.390	6.250000
16.400	6.250000
16.410	6.250000
16.420	6.250000
16.430	6.250000
16.440	6.250000
16.450	6.250000
16.460	6.250000
16.470	6.250000
16.480	6.250000
16.490	6.250000
16.500	6.250000
16.510	6.250000
16.520	6.250000
16.530	6.250000
16.540	6.250000
16.550	6.250000
16.560	6.250000
16.570	6.250000
16.580	6.250000
16.590	6.250000
16.600	6.250000
16.610	6.250000
16.620	6.250000
16.630	6.250000
16.640	6.250000
16.650	6.250000
16.660	6.250000
16.670	6.250000
16.680	6.250000
16.690	6.250000
16.700	6.250000
16.710	6.250000
16.720	6.250000
16.730	6.250000
16.740	6.250000
16.750	6.250000
16.760	6.250000
16.770	6.250000
16.780	6.250000
16.790	6.250000
16.800	5.625000
16.810	5.468750
16.820	5.468750
16.830	5.468750
16.840	5.468750
16.850	5.468750
16.860	5.468750
16.870	5.468750
16.880	5.468750
16.890	5.468750
16.900	5.468750
16.910	5.000000
16.920	4.687500
16.930	3.281250
16.940	2.656250
16.950	2.187500
16.960	1.562500
16.970	0.468750
16.980	0.468750
16.990	0.468750
17.000	0.468750
17.010	0.468750
17.020	0.468750
17.030	0.468750
17.040	0.468750
17.050	0.468750
17.060	0.468750
17.070	0.468750
17.080	0.468750
17.090	0.468750
17.100	0.468750
17.110	0.468750
17.120	0.468750
17.130	0.468750
17.140	0.468750
17.150	0.468750
17.160	0.468750
17.170	0.468750
17.180	0.468750
17.190	0.468750
17.200	0.468750
17.210	0.468750
17.220	0.468750
17.230	0.468750
17.240	0.468750
17.250	0.468750
17.260	0.468750
17.270	0.468750
17.280	0.468750
17.290	0.468750
17.300	0.468750
17.310	0.468750
17.320	0.468750
17.330	0.468750
17.340	0.468750
17.350	0.468750
17.360	0.468750
17.370	0.468750
17.380	0.468750
17.390	0.468750
17.400	0.468750
17.410	0.468750
17.420	0.468750
17.430	0.468750
17.440	0.468750
17.450	0.468750
17.460	0.468750
17.470	0.468750
17.480	0.468750
17.490	0.468750
17.500	0.468750
17.510	0.468750
17.520	0.468750
17.530	0.468750
17.540	0.781250
17.550	1.406250
17.560	1.562500
17.570	1.562500
17.580	2.343750
17.590	2.343750
17.600	2.343750
17.610	2.812500
17.620	2.812500
17.630	2.968750
17.640	3.750000
17.650	4.843750
17.660	5.000000
17.670	5.000000
17.680	5.000000
17.690	5.000000
17.700	5.000000
17.710	5.000000
17.720	5.000000
17.730	5.000000
17.740	5.000000
17.750	5.000000
17.760	5.000000
17.770	5.000000
17.780	5.000000
17.790	5.000000
17.800	5.781250
17.810	6.250000
17.820	6.718750
17.830	6.718750
17.840	6.718750
17.850	6.718750
17.860	7.031250
17.870	7.031250
17.880	7.031250
17.890	7.031250
17.900	7.031250
17.910	7.031250
17.920	7.031250
17.930	7.031250
17.940	7.031250
17.950	7.031250
17.960	7.031250
17.970	7.031250
17.980	7.812500
17.990	8.593750
18.000	8.593750
18.010	8.906250
18.020	9.531250
18.030	10.000000
18.040	10.468750
18.050	11.093750
18.060	11.250000
18.070	11.250000
18.080	11.250000
18.090	11.250000
18.100	12.187500
18.110	12.343750
18.120	12.343750
18.130	12.343750
18.140	12.343750
18.150	12.343750
18.160	12.343750
18.170	12.343750
18.180	12.343750
18.190	12.343750
18.200	12.343750
18.210	12.343750
18.220	12.343750
18.230	12.343750
18.240	12.343750
18.250	12.343750
18.260	12.343750
18.270	12.343750
18.280	12.343750
18.290	12.343750
18.300	12.343750
18.310	12.343750
18.320	12.343750
18.330	12.343750
18.340	12.343750
18.350	12.343750
18.360	12.343750
18.370	12.343750
18.380	12.343750
18.390	12.343750
18.400	12.343750
18.410	12.343750
18.420	12.343750
18.430	12.343750
18.440	12.343750
18.450	12.343750
18.460	12.343750
18.470	12.343750
18.480	12.343750
18.490	12.343750
18.500	12.343750
18.510	12.343750
18.520	12.343750
18.530	12.343750
18.540	12.343750
18.550	12.343750
18.560	12.343750
18.570	12.343750
18.580	12.343750
18.590	12.343750
18.600	12.343750
18.610	12.343750
18.620	12.343750
18.630	12.343750
18.640	12.343750
18.650	12.343750
18.660	12.343750
18.670	12.343750
18.680	12.343750
18.690	12.265620
18.700	11.562500
18.710	11.250000
18.720	11.250000
18.730	11.171880
18.740	11.171880
18.750	11.171880
18.760	11.171880
18.770	11.171880
18.780	11.171880
18.790	11.171880
18.800	11.171880
18.810	11.171880
18.820	11.171880
18.830	10.859380
18.840	10.312500
18.850	10.078120
18.860	9.921880
18.870	9.531250
18.880	9.531250
18.890	9.531250
18.900	9.531250
18.910	9.531250
18.920	9.531250
18.930	9.531250
18.940	9.531250
18.950	9.531250
18.960	9.531250
18.970	9.531250
18.980	9.531250
18.990	9.531250
19.000	9.531250
19.010	9.531250
19.020	9.531250
19.030	9.531250
19.040	9.531250
19.050	9.531250
19.060	9.531250
19.070	9.531250
19.080	9.531250
19.090	9.531250
19.100	9.531250
19.110	9.531250
19.120	9.531250
19.130	9.531250
19.140	9.531250
19.150	9.531250
19.160	9.531250
19.170	9.531250
19.180	9.531250
19.190	9.531250
19.200	9.531250
19.210	9.531250
19.220	9.531250
19.230	9.531250
19.240	9.531250
19.250	9.531250
19.260	9.531250
19.270	9.531250
19.280	9.531250
19.290	9.531250
19.300	9.531250
19.310	9.531250
19.320	9.531250
19.330	9.531250
19.340	9.531250
19.350	9.531250
19.360	9.531250
19.370	9.531250
19.380	9.531250
19.390	9.531250
19.400	9.531250
19.410	9.531250
19.420	9.531250
19.430	9.531250
19.440	9.531250
19.450	9.531250
19.460	9.531250
19.470	9.531250
19.480	9.531250
19.490	9.531250
19.500	9.531250
19.510	9.531250
19.520	9.531250
19.530	9.531250
19.540	9.531250
19.550	9.531250
19.560	9.531250
19.570	9.531250
19.580	9.531250
19.590	9.531250
19.600	9.531250
19.610	9.531250
19.620	9.531250
19.630	9.531250
19.640	9.531250
19.650	9.531250
19.660	9.531250
19.670	9.531250
19.680	9.531250
19.690	9.531250
19.700	9.531250
19.710	9.531250
19.720	9.531250
19.730	9.531250
19.740	9.531250
19.750	9.531250
19.760	9.531250
19.770	9.531250
19.780	9.531250
19.790	9.531250
19.800	9.531250
19.810	9.531250
19.820	9.531250
19.830	9.531250
19.840	9.531250
19.850	9.531250
19.860	9.531250
19.870	9.531250
19.880	9.531250
19.890	9.531250
19.900	9.531250
19.910	9.531250
19.920	9.531250
19.930	9.531250
19.940	9.531250
19.950	9.531250
19.960	9.531250
19.970	9.531250
19.980	9.531250
19.990	9.531250
20.000	9.531250
20.010	9.531250
20.020	9.531250
20.030	9.531250
20.040	9.531250
20.050	9.531250
20.060	9.531250
20.070	9.531250
20.080	9.531250
20.090	9.531250
20.100	9.531250
20.110	9.531250
20.120	9.531250
20.130	9.531250
20.140	9.531250
20.150	9.375000
20.160	9.375000
20.170	9.375000
20.180	8.828120
20.190	8.437500
20.200	8.203120
20.210	7.812500
20.220	7.812500
20.230	7.812500
20.240	7.812500
20.250	7.812500
20.260	7.812500
20.270	7.812500
20.280	7.812500
20.290	7.812500
20.300	7.812500
20.310	7.812500
20.320	7.812500
20.330	7.812500
20.340	7.812500
20.350	7.812500
20.360	7.812500
20.370	7.812500
20.380	7.812500
20.390	7.812500
20.400	7.812500
20.410	7.812500
20.420	7.812500
20.430	7.812500
20.440	7.812500
20.450	7.812500
20.460	7.812500
20.470	7.812500
20.480	7.812500
20.490	7.812500
20.500	7.812500
20.510	7.812500
20.520	7.812500
20.530	7.812500
20.540	7.812500
20.550	7.812500
20.560	7.812500
20.570	7.812500
20.580	7.812500
20.590	7.812500
20.600	7.812500
20.610	7.812500
20.620	7.812500
20.630	7.812500
20.640	7.812500
20.650	7.812500
20.660	7.812500
20.670	7.812500
20.680	7.812500
20.690	7.656250
20.700	7.421880
20.710	7.187500
20.720	7.187500
20.730	7.187500
20.740	7.187500
20.750	7.187500
20.760	7.187500
20.770	7.187500
20.780	7.187500
20.790	7.187500
20.800	7.187500
20.810	7.187500
20.820	7.187500
20.830	7.187500
20.840	6.796880
20.850	6.328120
20.860	6.015620
20.870	6.015620
20.880	5.703120
20.890	5.703120
20.900	5.703120
20.910	5.703120
20.920	5.703120
20.930	5.703120
20.940	5.703120
20.950	5.703120
20.960	5.703120
20.970	5.703120
20.980	5.703120
20.990	5.703120
21.000	5.703120
21.010	5.703120
21.020	5.703120
21.030	5.703120
21.040	5.703120
21.050	5.703120
21.060	5.703120
21.070	5.703120
21.080	5.468750
21.090	5.468750
21.100	5.468750
21.110	5.234380
21.120	4.765620
21.130	4.765620
21.140	4.765620
21.150	4.765620
21.160	4.453120
21.170	4.375000
21.180	4.218750
21.190	3.984380
21.200	3.984380
21.210	3.593750
21.220	3.515620
21.230	3.515620
21.240	3.515620
21.250	3.515620
21.260	3.515620
21.270	3.515620
21.280	3.515620
21.290	3.515620
21.300	3.515620
21.310	3.515620
21.320	3.515620
21.330	3.515620
21.340	3.515620
21.350	3.515620
21.360	3.515620
21.370	3.515620
21.380	3.515620
21.390	3.515620
21.400	3.515620
21.410	3.515620
21.420	3.515620
21.430	3.515620
21.440	3.515620
21.450	3.515620
21.460	3.515620
21.470	3.515620
21.480	3.515620
21.490	3.515620
21.500	3.515620
21.510	3.515620
21.520	3.515620
21.530	3.515620
21.540	3.515620
21.550	3.515620
21.560	3.515620
21.570	3.515620
21.580	3.515620
21.590	3.515620
21.600	3.515620
21.610	3.515620
21.620	3.515620
21.630	3.515620
21.640	3.515620
21.650	3.515620
21.660	3.515620
21.670	3.515620
21.680	3.515620
21.690	3.515620
21.700	3.515620
21.710	3.515620
21.720	3.515620
21.730	3.515620
21.740	3.515620
21.750	3.515620
21.760	3.515620
21.770	3.515620
21.780	3.515620
21.790	3.515620
21.800	3.515620
21.810	3.515620
21.820	3.515620
21.830	3.515620
21.840	3.515620
21.850	3.515620
21.860	3.515620
21.870	3.515620
21.880	3.515620
21.890	3.515620
21.900	3.515620
21.910	3.515620
21.920	3.515620
21.930	3.515620
21.940	3.515620
21.950	3.515620
21.960	3.515620
21.970	3.515620
21.980	3.515620
21.990	3.515620
22.000	3.515620
22.010	3.515620
22.020	3.515620
22.030	3.515620
22.040	3.515620
22.050	3.515620
22.060	3.515620
22.070	3.515620
22.080	3.515620
22.090	3.515620
22.100	3.515620
22.110	3.515620
22.120	3.515620
22.130	3.515620
22.140	3.515620
22.150	3.515620
22.160	3.515620
22.170	3.515620
22.180	3.515620
22.190	3.515620
22.200	3.515620
22.210	3.515620
22.220	3.515620
22.230	3.515620
22.240	3.515620
22.250	3.515620
22.260	3.515620
22.270	3.515620
22.280	3.515620
22.290	3.515620
22.300	3.515620
22.310	3.515620
22.320	3.515620
22.330	3.515620
22.340	3.515620
22.350	3.515620
22.360	3.515620
22.370	3.515620
22.380	3.515620
22.390	3.515620
22.400	3.515620
22.410	3.515620
22.420	3.515620
22.430	3.515620
22.440	3.515620
22.450	3.515620
22.460	3.515620
22.470	3.515620
22.480	3.515620
22.490	3.515620
22.500	3.515620
22.510	3.515620
22.520	3.515620
22.530	3.515620
22.540	3.515620
22.550	3.515620
22.560	3.515620
22.570	3.515620
22.580	3.515620
22.590	3.515620
22.600	3.515620
22.610	3.515620
22.620	3.515620
22.630	3.515620
22.640	3.515620
22.650	3.515620
22.660	3.515620
22.670	3.515620
22.680	3.515620
22.690	3.515620
22.700	3.515620
22.710	3.515620
22.720	3.515620
22.730	3.515620
22.740	3.515620
22.750	3.515620
22.760	3.515620
22.770	3.515620
22.780	3.515620
22.790	3.515620
22.800	3.515620
22.810	3.515620
22.820	3.593750
22.830	3.593750
22.840	3.593750
22.850	3.593750
22.860	3.593750
22.870	3.593750
22.880	3.593750
22.890	3.593750
22.900	3.593750
22.910	3.593750
22.920	3.593750
22.930	3.593750
22.940	3.593750
22.950	3.593750
22.960	3.593750
22.970	3.593750
22.980	3.593750
22.990	3.593750
23.000	3.593750
23.010	3.593750
23.020	3.593750
23.030	3.593750
23.040	3.593750
23.050	3.593750
23.060	3.593750
23.070	3.593750
23.080	3.828120
23.090	3.828120
23.100	3.984380
23.110	3.984380
23.120	3.984380
23.130	3.984380
23.140	4.218750
23.150	4.531250
23.160	4.765620
23.170	4.843750
23.180	4.843750
23.190	4.843750
23.200	4.843750
23.210	4.843750
23.220	4.843750
23.230	4.843750
23.240	4.843750
23.250	4.843750
23.260	4.843750
23.270	4.843750
23.280	4.843750
23.290	4.843750
23.300	4.843750
23.310	4.843750
23.320	4.843750
23.330	4.843750
23.340	4.843750
23.350	4.843750
23.360	4.843750
23.370	4.843750
23.380	4.843750
23.390	4.843750
23.400	4.843750
23.410	4.843750
23.420	4.843750
23.430	4.843750
23.440	4.843750
23.450	4.843750
23.460	4.843750
23.470	4.843750
23.480	4.843750
23.490	4.843750
23.500	4.843750
23.510	4.843750
23.520	4.843750
23.530	4.843750
23.540	4.843750
23.550	4.843750
23.560	4.843750
23.570	4.843750
23.580	4.843750
23.590	4.843750
23.600	4.843750
23.610	4.843750
23.620	4.843750
23.630	4.843750
23.640	4.843750
23.650	4.843750
23.660	4.843750
23.670	4.843750
23.680	4.843750
23.690	4.843750
23.700	4.843750
23.710	4.843750
23.720	4.843750
23.730	4.843750
23.740	4.843750
23.750	4.843750
23.760	4.843750
23.770	4.843750
23.780	4.843750
23.790	4.843750
23.800	4.843750
23.810	4.843750
23.820	4.843750
23.830	4.843750
23.840	4.843750
23.850	4.843750
23.860	4.843750
23.870	4.843750
23.880	4.843750
23.890	4.843750
23.900	4.609380
23.910	4.453120
23.920	4.218750
23.930	3.750000
23.940	2.968750
23.950	2.578120
23.960	2.578120
23.970	2.578120
23.980	2.578120
23.990	2.578120
24.000	2.578120
24.010	2.578120
24.020	2.343750
24.030	2.265620
24.040	1.718750
24.050	1.562500
24.060	1.171880
24.070	1.015620
24.080	1.015620
24.090	1.015620
24.100	0.625000
24.110	0.078120
24.120	-0.312500
24.130	-0.312500
24.140	-0.312500
24.150	-0.312500
24.160	-0.312500
24.170	-0.312500
24.180	-0.312500
24.190	-0.312500
24.200	-0.312500
24.210	-0.390620
24.220	-0.390620
24.230	-0.546880
24.240	-0.546880
24.250	-0.546880
24.260	-0.546880
24.270	-0.546880
24.280	-0.546880
24.290	-0.546880
24.300	-0.546880
24.310	-0.546880
24.320	-0.546880
24.330	-0.546880
24.340	-0.546880
24.350	-0.546880
24.360	-0.546880
24.370	-0.546880
24.380	-0.546880
24.390	-0.546880
24.400	-0.546880
24.410	-0.546880
24.420	-0.546880
24.430	-0.546880
24.440	-0.546880
24.450	-0.546880
24.460	-0.546880
24.470	-0.546880
24.480	-0.546880
24.490	-0.546880
24.500	-0.546880
24.510	-0.546880
24.520	-0.546880
24.530	-0.546880
24.540	-0.546880
24.550	-0.546880
24.560	-0.546880
24.570	-0.546880
24.580	-0.546880
24.590	-0.546880
24.600	-0.546880
24.610	-0.546880
24.620	-0.546880
24.630	-0.546880
24.640	-0.546880
24.650	-0.546880
24.660	-0.546880
24.670	-0.546880
24.680	-0.546880
24.690	-0.546880
24.700	-0.546880
24.710	-0.546880
24.720	-0.546880
24.730	-0.546880
24.740	-0.546880
24.750	-0.546880
24.760	-0.546880
24.770	-0.546880
24.780	-0.546880
24.790	-0.546880
24.800	-0.546880
24.810	-0.546880
24.820	-0.546880
24.830	-0.546880
24.840	-0.546880
24.850	-0.546880
24.860	-0.546880
24.870	-0.390620
24.880	-0.234380
24.890	-0.078120
24.900	0.312500
24.910	0.703120
24.920	1.015620
24.930	1.250000
24.940	1.406250
24.950	1.406250
24.960	1.718750
24.970	1.953120
24.980	2.265620
24.990	2.265620
25.000	2.343750
25.010	2.343750
25.020	2.734380
25.030	3.203120
25.040	3.437500
25.050	3.828120
25.060	3.828120
25.070	3.828120
25.080	3.828120
25.090	3.984380
25.100	4.453120
25.110	4.531250
25.120	4.531250
25.130	4.843750
25.140	5.312500
25.150	5.468750
25.160	5.625000
25.170	5.625000
25.180	5.625000
25.190	5.625000
25.200	5.625000
25.210	5.625000
25.220	5.625000
25.230	5.625000
25.240	5.625000
25.250	5.625000
25.260	5.703120
25.270	6.093750
25.280	6.562500
25.290	6.796880
25.300	6.796880
25.310	6.796880
25.320	6.875000
25.330	6.875000
25.340	6.875000
25.350	6.875000
25.360	6.875000
25.370	6.875000
25.380	6.875000
25.390	6.875000
25.400	6.875000
25.410	6.875000
25.420	6.875000
25.430	6.875000
25.440	6.875000
25.450	6.875000
25.460	6.875000
25.470	6.875000
25.480	6.875000
25.490	6.875000
25.500	6.875000
25.510	6.875000
25.520	6.875000
25.530	6.875000
25.540	6.875000
25.550	6.875000
25.560	6.875000
25.570	6.875000
25.580	6.875000
25.590	6.875000
25.600	6.875000
25.610	6.875000
25.620	6.875000
25.630	6.875000
25.640	6.875000
25.650	6.875000
25.660	6.875000
25.670	6.875000
25.680	6.875000
25.690	6.875000
25.700	6.875000
25.710	6.875000
25.720	6.875000
25.730	6.875000
25.740	6.875000
25.750	6.875000
25.760	6.875000
25.770	6.875000
25.780	6.875000
25.790	6.875000
25.800	6.875000
25.810	6.875000
25.820	6.875000
25.830	6.875000
25.840	6.875000
25.850	6.875000
25.860	6.875000
25.870	6.875000
25.880	6.875000
25.890	6.875000
25.900	6.875000
25.910	6.875000
25.920	6.875000
25.930	6.875000
25.940	6.875000
25.950	6.875000
25.960	6.875000
25.970	6.875000
25.980	6.875000
25.990	6.875000
26.000	6.875000
26.010	6.875000
26.020	6.875000
26.030	6.875000
26.040	6.875000
26.050	6.875000
26.060	6.875000
26.070	6.875000
26.080	6.875000
26.090	6.875000
26.100	6.875000
26.110	6.875000
26.120	6.875000
26.130	6.875000
26.140	6.875000
26.150	6.875000
26.160	6.875000
26.170	6.875000
26.180	6.875000
26.190	6.875000
26.200	6.875000
26.210	6.875000
26.220	6.875000
26.230	6.875000
26.240	6.875000
26.250	6.875000
26.260	6.875000
26.270	6.875000
26.280	6.875000
26.290	6.875000
26.300	6.875000
26.310	6.875000
26.320	6.875000
26.330	6.875000
26.340	6.875000
26.350	6.875000
26.360	6.875000
26.370	6.875000
26.380	6.875000
26.390	6.875000
26.400	6.875000
26.410	6.875000
26.420	6.875000
26.430	6.875000
26.440	6.875000
26.450	6.875000
26.460	6.875000
26.470	6.875000
26.480	6.875000
26.490	6.875000
26.500	6.875000
26.510	6.875000
26.520	6.875000
26.530	6.875000
26.540	6.875000
26.550	6.875000
26.560	6.875000
26.570	6.875000
26.580	6.875000
26.590	6.875000
26.600	6.875000
26.610	6.875000
26.620	6.875000
26.630	6.875000
26.640	6.875000
26.650	6.875000
26.660	6.875000
26.670	6.875000
26.680	6.875000
26.690	6.875000
26.700	6.875000
26.710	6.875000
26.720	6.875000
26.730	6.875000
26.740	6.875000
26.750	6.875000
26.760	6.875000
26.770	6.875000
26.780	6.875000
26.790	6.875000
26.800	6.875000
26.810	6.875000
26.820	6.875000
26.830	6.875000
26.840	6.875000
26.850	6.875000
26.860	6.875000
26.870	6.875000
26.880	6.875000
26.890	6.875000
26.900	6.875000
26.910	6.875000
26.920	6.875000
26.930	6.484380
26.940	6.484380
26.950	6.484380
26.960	6.171880
26.970	6.171880
26.980	6.171880
26.990	6.171880
27.000	6.171880
27.010	6.171880
27.020	6.093750
27.030	5.703120
27.040	5.703120
27.050	5.703120
27.060	5.468750
27.070	5.156250
27.080	4.531250
27.090	3.984380
27.100	3.671880
27.110	3.671880
27.120	3.593750
27.130	3.593750
27.140	3.593750
27.150	3.593750
27.160	3.593750
27.170	3.593750
27.180	3.593750
27.190	3.593750
27.200	3.593750
27.210	3.593750
27.220	3.437500
27.230	3.046880
27.240	3.046880
27.250	2.812500
27.260	2.812500
27.270	2.812500
27.280	2.812500
27.290	2.812500
27.300	2.812500
27.310	2.812500
27.320	2.812500
27.330	2.812500
27.340	2.812500
27.350	2.812500
27.360	2.812500
27.370	2.812500
27.380	2.812500
27.390	2.812500
27.400	2.812500
27.410	2.812500
27.420	2.812500
27.430	2.812500
27.440	2.812500
27.450	2.812500
27.460	2.812500
27.470	2.812500
27.480	2.812500
27.490	2.656250
27.500	2.421880
27.510	1.875000
27.520	1.328120
27.530	0.781250
27.540	0.703120
27.550	0.703120
27.560	0.703120
27.570	0.703120
27.580	0.703120
27.590	0.703120
27.600	0.703120
27.610	0.703120
27.620	0.703120
27.630	0.703120
27.640	0.703120
27.650	0.703120
27.660	0.703120
27.670	0.703120
27.680	0.703120
27.690	0.703120
27.700	0.703120
27.710	0.703120
27.720	0.703120
27.730	0.703120
27.740	0.703120
27.750	0.703120
27.760	0.703120
27.770	0.703120
27.780	0.703120
27.790	0.703120
27.800	0.703120
27.810	0.703120
27.820	0.703120
27.830	0.703120
27.840	0.703120
27.850	0.703120
27.860	0.703120
27.870	0.781250
27.880	1.015620
27.890	1.015620
27.900	1.015620
27.910	1.250000
27.920	1.250000
27.930	1.250000
27.940	1.250000
27.950	1.250000
27.960	1.250000
27.970	1.250000
27.980	1.250000
27.990	1.250000
28.000	1.250000
28.010	1.250000
28.020	1.250000
28.030	1.250000
28.040	1.250000
28.050	1.250000
28.060	1.250000
28.070	1.250000
28.080	1.250000
28.090	1.250000
28.100	1.250000
28.110	1.250000
28.120	1.250000
28.130	1.250000
28.140	1.250000
28.150	1.250000
28.160	1.250000
28.170	1.250000
28.180	1.250000
28.190	1.250000
28.200	1.250000
28.210	1.250000
28.220	1.250000
28.230	1.250000
28.240	1.250000
28.250	1.250000
28.260	1.250000
28.270	1.250000
28.280	1.250000
28.290	1.250000
28.300	1.250000
28.310	1.250000
28.320	1.250000
28.330	1.250000
28.340	1.250000
28.350	1.250000
28.360	1.250000
28.370	1.250000
28.380	1.250000
28.390	1.250000
28.400	1.250000
28.410	1.250000
28.420	1.250000
28.430	1.250000
28.440	1.250000
28.450	1.250000
28.460	1.250000
28.470	1.250000
28.480	1.250000
28.490	1.250000
28.500	1.250000
28.510	1.250000
28.520	1.250000
28.530	1.250000
28.540	1.250000
28.550	1.250000
28.560	1.250000
28.570	1.250000
28.580	1.250000
28.590	1.250000
28.600	1.250000
28.610	1.250000
28.620	1.250000
28.630	1.250000
28.640	1.250000
28.650	1.250000
28.660	1.250000
28.670	1.250000
28.680	1.250000
28.690	1.250000
28.700	1.250000
28.710	1.250000
28.720	1.250000
28.730	1.250000
28.740	0.781250
28.750	0.703120
28.760	0.703120
28.770	0.625000
28.780	0.546880
28.790	0.078120
28.800	-0.078120
28.810	-0.312500
28.820	-0.312500
28.830	-0.703120
28.840	-0.781250
28.850	-0.781250
28.860	-0.781250
28.870	-0.781250
28.880	-0.781250
28.890	-0.781250
28.900	-0.781250
28.910	-0.781250
28.920	-0.781250
28.930	-0.781250
28.940	-0.781250
28.950	-0.781250
28.960	-0.781250
28.970	-0.781250
28.980	-0.781250
28.990	-0.781250
29.000	-0.781250
29.010	-0.781250
29.020	-0.781250
29.030	-0.781250
29.040	-0.781250
29.050	-0.781250
29.060	-0.781250
29.070	-0.781250
29.080	-0.781250
29.090	-1.015620
29.100	-1.171880
29.110	-1.171880
29.120	-1.171880
29.130	-1.171880
29.140	-1.171880
29.150	-1.171880
29.160	-1.171880
29.170	-1.171880
29.180	-1.171880
29.190	-1.171880
29.200	-1.171880
29.210	-1.171880
29.220	-1.171880
29.230	-1.171880
29.240	-1.171880
29.250	-1.171880
29.260	-1.171880
29.270	-1.171880
29.280	-1.171880
29.290	-1.171880
29.300	-1.171880
29.310	-1.171880
29.320	-1.171880
29.330	-1.171880
29.340	-1.171880
29.350	-1.171880
29.360	-1.171880
29.370	-1.171880
29.380	-1.171880
29.390	-1.171880
29.400	-1.171880
29.410	-1.171880
29.420	-1.171880
29.430	-1.171880
29.440	-1.171880
29.450	-1.171880
29.460	-1.171880
29.470	-1.171880
29.480	-1.171880
29.490	-1.171880
29.500	-1.171880
29.510	-1.171880
29.520	-1.171880
29.530	-1.171880
29.540	-1.171880
29.550	-1.171880
29.560	-1.171880
29.570	-1.171880
29.580	-1.171880
29.590	-1.171880
29.600	-1.171880
29.610	-1.171880
29.620	-1.171880
29.630	-1.171880
29.640	-1.171880
29.650	-1.171880
29.660	-1.015620
29.670	-0.625000
29.680	-0.468750
29.690	-0.468750
29.700	-0.468750
29.710	-0.468750
29.720	-0.468750
29.730	-0.468750
29.740	-0.078120
29.750	0.234380
29.760	0.390620
29.770	0.390620
29.780	0.390620
29.790	0.390620
29.800	0.390620
29.810	0.390620
29.820	0.390620
29.830	0.390620
29.840	0.390620
29.850	0.390620
29.860	0.390620
29.870	0.390620
29.880	0.390620
29.890	0.390620
29.900	0.390620
29.910	0.703120
29.920	1.250000
29.930	1.406250
29.940	1.406250
29.950	1.406250
29.960	1.718750
29.970	1.796880
29.980	1.796880
29.990	1.796880
30.000	1.875000
30.010	1.875000
30.020	1.875000
30.030	1.875000
30.040	1.875000
30.050	1.875000
30.060	1.875000
30.070	1.875000
30.080	1.875000
30.090	1.875000
30.100	1.875000
30.110	1.875000
30.120	1.875000
30.130	1.875000
30.140	1.875000
30.150	1.875000
30.160	1.875000
30.170	1.875000
30.180	1.875000
30.190	1.875000
30.200	1.875000
30.210	1.875000
30.220	1.875000
30.230	1.875000
30.240	1.875000
30.250	1.875000
30.260	1.875000
30.270	1.875000
30.280	1.875000
30.290	1.875000
30.300	1.875000
30.310	1.875000
30.320	1.875000
30.330	1.875000
30.340	1.875000
30.350	1.875000
30.360	1.875000
30.370	1.875000
30.380	1.875000
30.390	1.875000
30.400	1.875000
30.410	1.875000
30.420	1.875000
30.430	1.875000
30.440	1.875000
30.450	1.875000
30.460	1.875000
30.470	1.875000
30.480	1.875000
30.490	1.875000
30.500	1.875000
30.510	1.875000
30.520	1.875000
30.530	1.875000
30.540	1.875000
30.550	1.875000
30.560	1.875000
30.570	1.875000
30.580	1.875000
30.590	1.875000
30.600	1.875000
30.610	1.875000
30.620	1.875000
30.630	1.875000
30.640	1.875000
30.650	2.187500
30.660	2.812500
30.670	2.812500
30.680	2.812500
30.690	3.046880
30.700	3.359380
30.710	3.515620
30.720	3.828120
30.730	4.140620
30.740	4.765620
30.750	4.765620
30.760	4.765620
30.770	4.765620
30.780	4.765620
30.790	4.765620
30.800	4.765620
30.810	4.765620
30.820	4.765620
30.830	4.843750
30.840	4.921880
30.850	5.156250
30.860	5.156250
30.870	5.156250
30.880	5.546880
30.890	6.093750
30.900	6.484380
30.910	6.484380
30.920	6.484380
30.930	6.484380
30.940	6.484380
30.950	6.484380
30.960	6.484380
30.970	6.484380
30.980	6.484380
30.990	6.484380
31.000	6.484380
31.010	6.484380
31.020	6.484380
31.030	6.484380
31.040	6.484380
31.050	6.484380
31.060	6.484380
31.070	6.484380
31.080	6.484380
31.090	6.484380
31.100	6.484380
31.110	6.484380
31.120	6.484380
31.130	6.484380
31.140	6.484380
31.150	6.562500
31.160	6.562500
31.170	6.562500
31.180	6.601560
31.190	6.679690
31.200	6.914060
31.210	7.070310
31.220	7.265620
31.230	7.304690
31.240	7.304690
31.250	7.304690
31.260	7.304690
31.270	7.304690
31.280	7.304690
31.290	7.304690
31.300	7.304690
31.310	7.304690
31.320	7.304690
31.330	7.304690
31.340	7.304690
31.350	7.304690
31.360	7.304690
31.370	7.460940
31.380	7.500000
31.390	7.656250
31.400	7.656250
31.410	7.656250
31.420	7.656250
31.430	7.656250
31.440	7.656250
31.450	7.656250
31.460	7.656250
31.470	7.656250
31.480	7.656250
31.490	7.656250
31.500	7.656250
31.510	7.656250
31.520	7.656250
31.530	7.656250
31.540	7.656250
31.550	7.578120
31.560	7.343750
31.570	7.187500
31.580	7.187500
31.590	7.187500
31.600	7.187500
31.610	7.187500
31.620	7.187500
31.630	7.187500
31.640	7.187500
31.650	7.187500
31.660	7.187500
31.670	7.187500
31.680	7.187500
31.690	7.187500
31.700	7.187500
31.710	7.187500
31.720	7.187500
31.730	7.187500
31.740	7.187500
31.750	7.109380
31.760	7.031250
31.770	7.031250
31.780	7.031250
31.790	7.031250
31.800	7.031250
31.810	7.031250
31.820	7.031250
31.830	7.031250
31.840	7.031250
31.850	7.031250
31.860	7.031250
31.870	7.031250
31.880	7.031250
31.890	7.031250
31.900	7.031250
31.910	7.031250
31.920	7.031250
31.930	7.031250
31.940	7.031250
31.950	7.031250
31.960	7.031250
31.970	7.031250
31.980	7.031250
31.990	7.031250
32.000	7.031250
32.010	7.031250
32.020	7.031250
32.030	7.031250
32.040	7.031250
32.050	7.031250
32.060	7.031250
32.070	7.031250
32.080	6.875000
32.090	6.601560
32.100	6.601560
32.110	6.601560
32.120	6.601560
32.130	6.601560
32.140	6.601560
32.150	6.601560
32.160	6.601560
32.170	6.562500
32.180	6.250000
32.190	6.054690
32.200	6.015620
32.210	6.015620
32.220	6.015620
32.230	5.976560
32.240	5.820310
32.250	5.703120
32.260	5.703120
32.270	5.703120
32.280	5.546880
32.290	5.429690
32.300	5.195310
32.310	5.000000
32.320	5.000000
32.330	5.000000
32.340	4.960940
32.350	4.843750
32.360	4.843750
32.370	4.843750
32.380	4.843750
32.390	4.843750
32.400	4.843750
32.410	4.843750
32.420	4.804690
32.430	4.804690
32.440	4.804690
32.450	4.804690
32.460	4.804690
32.470	4.804690
32.480	4.804690
32.490	4.804690
32.500	4.804690
32.510	4.804690
32.520	4.804690
32.530	4.804690
32.540	4.804690
32.550	4.804690
32.560	4.804690
32.570	4.804690
32.580	4.804690
32.590	4.804690
32.600	4.804690
32.610	4.804690
32.620	4.804690
32.630	4.804690
32.640	4.804690
32.650	4.804690
32.660	4.804690
32.670	4.804690
32.680	4.804690
32.690	4.804690
32.700	4.804690
32.710	4.804690
32.720	4.804690
32.730	4.804690
32.740	4.804690
32.750	4.804690
32.760	4.804690
32.770	4.804690
32.780	4.804690
32.790	4.804690
32.800	4.804690
32.810	4.804690
32.820	4.804690
32.830	4.804690
32.840	4.804690
32.850	4.804690
32.860	4.804690
32.870	4.804690
32.880	4.804690
32.890	4.804690
32.900	4.804690
32.910	4.804690
32.920	4.804690
32.930	4.804690
32.940	4.804690
32.950	4.804690
32.960	4.804690
32.970	4.804690
32.980	4.804690
32.990	4.804690
33.000	4.804690
33.010	4.804690
33.020	4.804690
33.030	4.804690
33.040	4.804690
33.050	4.804690
33.060	4.804690
33.070	4.804690
33.080	4.804690
33.090	4.804690
33.100	4.804690
33.110	4.804690
33.120	4.804690
33.130	4.804690
33.140	4.804690
33.150	4.804690
33.160	4.804690
33.170	4.804690
33.180	4.804690
33.190	4.804690
33.200	4.804690
33.210	4.804690
33.220	4.804690
33.230	4.804690
33.240	4.804690
33.250	4.804690
33.260	4.804690
33.270	4.804690
33.280	4.804690
33.290	4.804690
33.300	4.804690
33.310	4.804690
33.320	4.804690
33.330	4.804690
33.340	4.804690
33.350	4.804690
33.360	4.804690
33.370	4.804690
33.380	4.804690
33.390	4.804690
33.400	4.804690
33.410	4.804690
33.420	4.804690
33.430	4.804690
33.440	4.804690
33.450	4.804690
33.460	4.804690
33.470	4.804690
33.480	4.804690
33.490	4.765620
33.500	4.570310
33.510	4.492190
33.520	4.179690
33.530	4.023440
33.540	3.867190
33.550	3.671880
33.560	3.398440
33.570	3.281250
33.580	3.203120
33.590	2.929690
33.600	2.929690
33.610	2.929690
33.620	2.929690
33.630	2.929690
33.640	2.929690
33.650	2.929690
33.660	2.929690
33.670	2.929690
33.680	2.929690
33.690	2.929690
33.700	2.929690
33.710	2.929690
33.720	2.929690
33.730	2.929690
33.740	2.929690
33.750	2.929690
33.760	2.929690
33.770	2.929690
33.780	2.929690
33.790	2.929690
33.800	2.929690
33.810	2.929690
33.820	2.929690
33.830	2.929690
33.840	2.929690
33.850	2.890620
33.860	2.890620
33.870	2.890620
33.880	2.890620
33.890	2.890620
33.900	2.890620
33.910	2.890620
33.920	2.890620
33.930	2.890620
33.940	2.890620
33.950	2.890620
33.960	2.890620
33.970	2.890620
33.980	2.890620
33.990	2.890620
34.000	2.890620
34.010	2.890620
34.020	2.890620
34.030	2.890620
34.040	2.890620
34.050	2.890620
34.060	2.890620
34.070	2.890620
34.080	2.890620
34.090	2.890620
34.100	2.890620
34.110	2.890620
34.120	2.890620
34.130	2.890620
34.140	2.890620
34.150	2.890620
34.160	2.890620
34.170	2.890620
34.180	2.890620
34.190	2.890620
34.200	2.890620
34.210	2.890620
34.220	2.890620
34.230	2.890620
34.240	2.890620
34.250	2.890620
34.260	2.890620
34.270	2.890620
34.280	2.890620
34.290	2.929690
34.300	3.125000
34.310	3.242190
34.320	3.242190
34.330	3.242190
34.340	3.242190
34.350	3.242190
34.360	3.242190
34.370	3.242190
34.380	3.242190
34.390	3.242190
34.400	3.242190
34.410	3.242190
34.420	3.242190
34.430	3.242190
34.440	3.242190
34.450	3.242190
34.460	3.242190
34.470	3.242190
34.480	3.242190
34.490	3.242190
34.500	3.242190
34.510	3.242190
34.520	3.242190
34.530	3.242190
34.540	3.242190
34.550	3.242190
34.560	3.242190
34.570	3.242190
34.580	3.242190
34.590	3.242190
34.600	3.242190
34.610	3.242190
34.620	3.242190
34.630	3.242190
34.640	3.242190
34.650	3.242190
34.660	3.242190
34.670	3.242190
34.680	3.242190
34.690	3.242190
34.700	3.242190
34.710	3.242190
34.720	3.242190
34.730	3.242190
34.740	3.242190
34.750	3.242190
34.760	3.242190
34.770	3.242190
34.780	3.242190
34.790	3.242190
34.800	3.242190
34.810	3.242190
34.820	3.242190
34.830	3.242190
34.840	3.242190
34.850	3.242190
34.860	3.242190
34.870	3.242190
34.880	3.242190
34.890	3.242190
34.900	3.242190
34.910	3.242190
34.920	3.242190
34.930	3.242190
34.940	3.242190
34.950	3.242190
34.960	3.242190
34.970	3.242190
34.980	3.242190
34.990	3.242190
35.000	3.242190
35.010	3.242190
35.020	3.242190
35.030	3.242190
35.040	3.242190
35.050	3.242190
35.060	3.242190
35.070	3.242190
35.080	3.242190
35.090	3.242190
35.100	3.242190
35.110	3.242190
35.120	3.242190
35.130	3.242190
35.140	3.242190
35.150	3.242190
35.160	3.242190
35.170	3.242190
35.180	3.242190
35.190	3.242190
35.200	3.242190
35.210	3.242190
35.220	3.242190
35.230	3.242190
35.240	3.242190
35.250	3.242190
35.260	3.242190
35.270	3.242190
35.280	3.242190
35.290	3.242190
35.300	3.242190
35.310	3.242190
35.320	3.242190
35.330	3.242190
35.340	3.242190
35.350	3.242190
35.360	3.242190
35.370	3.242190
35.380	3.242190
35.390	3.242190
35.400	3.242190
35.410	3.242190
35.420	3.242190
35.430	3.242190
35.440	3.281250
35.450	3.281250
35.460	3.281250
35.470	3.281250
35.480	3.281250
35.490	3.281250
35.500	3.281250
35.510	3.281250
35.520	3.281250
35.530	3.281250
35.540	3.281250
35.550	3.281250
35.560	3.281250
35.570	3.281250
35.580	3.281250
35.590	3.281250
35.600	3.281250
35.610	3.281250
35.620	3.281250
35.630	3.281250
35.640	3.281250
35.650	3.281250
35.660	3.281250
35.670	3.281250
35.680	3.281250
35.690	3.281250
35.700	3.281250
35.710	3.281250
35.720	3.281250
35.730	3.281250
35.740	3.281250
35.750	3.281250
35.760	3.281250
35.770	3.281250
35.780	3.281250
35.790	3.281250
35.800	3.281250
35.810	3.281250
35.820	3.281250
35.830	3.281250
35.840	3.281250
35.850	3.281250
35.860	3.281250
35.870	3.281250
35.880	3.281250
35.890	3.281250
35.900	3.281250
35.910	3.281250
35.920	3.281250
35.930	3.281250
35.940	3.281250
35.950	3.281250
35.960	3.281250
35.970	3.281250
35.980	3.281250
35.990	3.281250
36.000	3.281250
36.010	3.281250
36.020	3.281250
36.030	3.281250
36.040	3.281250
36.050	3.281250
36.060	3.281250
36.070	3.281250
36.080	3.281250
36.090	3.281250
36.100	3.281250
36.110	3.242190
36.120	3.242190
36.130	3.125000
36.140	2.929690
36.150	2.929690
36.160	2.929690
36.170	2.929690
36.180	2.929690
36.190	2.812500
36.200	2.773440
36.210	2.773440
36.220	2.773440
36.230	2.773440
36.240	2.773440
36.250	2.773440
36.260	2.773440
36.270	2.773440
36.280	2.773440
36.290	2.773440
36.300	2.773440
36.310	2.773440
36.320	2.773440
36.330	2.773440
36.340	2.773440
36.350	2.773440
36.360	2.500000
36.370	2.382810
36.380	2.382810
36.390	2.382810
36.400	2.343750
36.410	2.343750
36.420	2.343750
36.430	2.343750
36.440	2.343750
36.450	2.343750
36.460	2.343750
36.470	2.343750
36.480	2.343750
36.490	2.343750
36.500	2.343750
36.510	2.343750
36.520	2.343750
36.530	2.343750
36.540	2.343750
36.550	2.343750
36.560	2.343750
36.570	2.343750
36.580	2.343750
36.590	2.343750
36.600	2.343750
36.610	2.343750
36.620	2.343750
36.630	2.343750
36.640	2.343750
36.650	2.343750
36.660	2.343750
36.670	2.343750
36.680	2.343750
36.690	2.343750
36.700	2.343750
36.710	2.343750
36.720	2.343750
36.730	2.343750
36.740	2.343750
36.750	2.343750
36.760	2.343750
36.770	2.343750
36.780	2.343750
36.790	2.343750
36.800	2.343750
36.810	2.343750
36.820	2.343750
36.830	2.343750
36.840	2.343750
36.850	2.343750
36.860	2.343750
36.870	2.343750
36.880	2.343750
36.890	2.343750
36.900	2.343750
36.910	2.343750
36.920	2.343750
36.930	2.343750
36.940	2.343750
36.950	2.343750
36.960	2.343750
36.970	2.343750
36.980	2.343750
36.990	2.343750
37.000	2.343750
37.010	2.343750
37.020	2.343750
37.030	2.343750
37.040	2.343750
37.050	2.265620
37.060	2.265620
37.070	2.265620
37.080	2.265620
37.090	2.265620
37.100	2.265620
37.110	2.265620
37.120	2.265620
37.130	2.265620
37.140	2.265620
37.150	2.265620
37.160	2.265620
37.170	2.265620
37.180	2.265620
37.190	2.265620
37.200	2.265620
37.210	2.265620
37.220	2.265620
37.230	2.265620
37.240	2.265620
37.250	2.265620
37.260	2.265620
37.270	2.265620
37.280	2.265620
37.290	2.382810
37.300	2.382810
37.310	2.382810
37.320	2.382810
37.330	2.382810
37.340	2.382810
37.350	2.382810
37.360	2.382810
37.370	2.382810
37.380	2.382810
37.390	2.382810
37.400	2.382810
37.410	2.460940
37.420	2.460940
37.430	2.460940
37.440	2.460940
37.450	2.460940
37.460	2.460940
37.470	2.460940
37.480	2.578120
37.490	2.578120
37.500	2.578120
37.510	2.617190
37.520	2.617190
37.530	2.617190
37.540	2.656250
37.550	2.695310
37.560	2.773440
37.570	2.773440
37.580	2.773440
37.590	2.773440
37.600	2.773440
37.610	2.773440
37.620	2.773440
37.630	2.773440
37.640	2.773440
37.650	2.773440
37.660	2.773440
37.670	2.773440
37.680	2.773440
37.690	3.046880
37.700	3.203120
37.710	3.320310
37.720	3.593750
37.730	3.632810
37.740	3.632810
37.750	3.632810
37.760	3.632810
37.770	3.632810
37.780	3.632810
37.790	3.632810
37.800	3.632810
37.810	3.828120
37.820	4.023440
37.830	4.335940
37.840	4.335940
37.850	4.335940
37.860	4.335940
37.870	4.335940
37.880	4.335940
37.890	4.609380
37.900	4.648440
37.910	4.648440
37.920	4.687500
37.930	4.726560
37.940	4.804690
37.950	4.921880
37.960	4.960940
37.970	4.960940
37.980	4.960940
37.990	4.960940
38.000	4.960940
38.010	4.960940
38.020	4.960940
38.030	4.960940
38.040	4.960940
38.050	4.960940
38.060	4.960940
38.070	4.960940
38.080	4.960940
38.090	4.960940
38.100	4.960940
38.110	4.960940
38.120	4.960940
38.130	4.960940
38.140	4.960940
38.150	4.960940
38.160	4.960940
38.170	4.960940
38.180	4.960940
38.190	4.960940
38.200	4.960940
38.210	4.960940
38.220	4.960940
38.230	4.960940
38.240	4.960940
38.250	4.960940
38.260	4.960940
38.270	4.960940
38.280	4.960940
38.290	4.960940
38.300	4.960940
38.310	4.960940
38.320	4.960940
38.330	4.960940
38.340	4.960940
38.350	4.960940
38.360	4.960940
38.370	4.960940
38.380	4.960940
38.390	4.960940
38.400	4.960940
38.410	4.960940
38.420	4.960940
38.430	4.960940
38.440	4.960940
38.450	4.960940
38.460	4.960940
38.470	4.960940
38.480	4.960940
38.490	4.882810
38.500	4.804690
38.510	4.453120
38.520	4.296880
38.530	3.945310
38.540	3.789060
38.550	3.789060
38.560	3.789060
38.570	3.789060
38.580	3.789060
38.590	3.789060
38.600	3.789060
38.610	3.789060
38.620	3.789060
38.630	3.789060
38.640	3.789060
38.650	3.789060
38.660	3.789060
38.670	3.789060
38.680	3.789060
38.690	3.789060
38.700	3.789060
38.710	3.789060
38.720	3.789060
38.730	3.789060
38.740	3.789060
38.750	3.789060
38.760	3.789060
38.770	3.789060
38.780	3.789060
38.790	3.789060
38.800	3.789060
38.810	3.789060
38.820	3.789060
38.830	3.789060
38.840	3.789060
38.850	3.789060
38.860	3.789060
38.870	3.789060
38.880	3.789060
38.890	3.789060
38.900	3.789060
38.910	3.789060
38.920	3.789060
38.930	3.789060
38.940	3.789060
38.950	3.789060
38.960	3.828120
38.970	4.062500
38.980	4.062500
38.990	4.101560
39.000	4.414060
39.010	4.570310
39.020	4.609380
39.030	4.609380
39.040	4.609380
39.050	4.609380
39.060	4.609380
39.070	4.609380
39.080	4.609380
39.090	4.609380
39.100	4.609380
39.110	4.609380
39.120	4.609380
39.130	4.609380
39.140	4.609380
39.150	4.609380
39.160	4.609380
39.170	4.648440
39.180	4.648440
39.190	4.648440
39.200	4.648440
39.210	4.648440
39.220	4.648440
39.230	4.648440
39.240	4.648440
39.250	4.648440
39.260	4.648440
39.270	4.648440
39.280	4.648440
39.290	4.648440
39.300	4.648440
39.310	4.648440
39.320	4.648440
39.330	4.648440
39.340	4.648440
39.350	4.648440
39.360	4.648440
39.370	4.648440
39.380	4.648440
39.390	4.648440
39.400	4.648440
39.410	4.648440
39.420	4.648440
39.430	4.648440
39.440	4.648440
39.450	4.648440
39.460	4.648440
39.470	4.648440
39.480	4.648440
39.490	4.648440
39.500	4.648440
39.510	4.648440
39.520	4.648440
39.530	4.648440
39.540	4.648440
39.550	4.648440
39.560	4.648440
39.570	4.648440
39.580	4.648440
39.590	4.648440
39.600	4.648440
39.610	4.648440
39.620	4.648440
39.630	4.648440
39.640	4.648440
39.650	4.648440
39.660	4.648440
39.670	4.648440
39.680	4.648440
39.690	4.648440
39.700	4.648440
39.710	4.648440
39.720	4.648440
39.730	4.648440
39.740	4.648440
39.750	4.648440
39.760	4.648440
39.770	4.648440
39.780	4.648440
39.790	4.648440
39.800	4.648440
39.810	4.648440
39.820	4.648440
39.830	4.492190
39.840	4.492190
39.850	4.433590
39.860	4.414060
39.870	4.414060
39.880	4.316410
39.890	4.140620
39.900	4.003910
39.910	3.867190
39.920	3.808590
39.930	3.750000
39.940	3.750000
39.950	3.710940
39.960	3.535160
39.970	3.417970
39.980	3.417970
39.990	3.417970
40.000	3.417970
