# time_in_ns	dG_in_kT
0.000	0.000000
0.010	10.000000
0.020	10.000000
0.030	10.000000
0.040	10.000000
0.050	10.000000
0.060	10.000000
0.070	10.000000
0.080	10.000000
0.090	10.000000
0.100	10.000000
0.110	10.000000
0.120	10.000000
0.130	10.000000
0.140	10.000000
0.150	10.000000
0.160	10.000000
0.170	10.000000
0.180	10.000000
0.190	-20.000000
0.200	-120.000000
0.210	-140.000000
0.220	-140.000000
0.230	-140.000000
0.240	-140.000000
0.250	-140.000000
0.260	-140.000000
0.270	-140.000000
0.280	-140.000000
0.290	-140.000000
0.300	-140.000000
0.310	-140.000000
0.320	-130.000000
0.330	-70.000000
0.340	-70.000000
0.350	-70.000000
0.360	-70.000000
0.370	-40.000000
0.380	-20.000000
0.390	-20.000000
0.400	-20.000000
0.410	-20.000000
0.420	-20.000000
0.430	-20.000000
0.440	-20.000000
0.450	-20.000000
0.460	-20.000000
0.470	-20.000000
0.480	-20.000000
0.490	-20.000000
0.500	-20.000000
0.510	-20.000000
0.520	-20.000000
0.530	-20.000000
0.540	-20.000000
0.550	-50.000000
0.560	-90.000000
0.570	-110.000000
0.580	-110.000000
0.590	-110.000000
0.600	-110.000000
0.610	-110.000000
0.620	-110.000000
0.630	-110.000000
0.640	-110.000000
0.650	-110.000000
0.660	-110.000000
0.670	-110.000000
0.680	-110.000000
0.690	-110.000000
0.700	-110.000000
0.710	-110.000000
0.720	-110.000000
0.730	-110.000000
0.740	-110.000000
0.750	-110.000000
0.760	-110.000000
0.770	-110.000000
0.780	-110.000000
0.790	-110.000000
0.800	-110.000000
0.810	-110.000000
0.820	-110.000000
0.830	-110.000000
0.840	-110.000000
0.850	-110.000000
0.860	-110.000000
0.870	-110.000000
0.880	-110.000000
0.890	-110.000000
0.900	-110.000000
0.910	-110.000000
0.920	-110.000000
0.930	-100.000000
0.940	-70.000000
0.950	-70.000000
0.960	-70.000000
0.970	-70.000000
0.980	-70.000000
0.990	-70.000000
1.000	-70.000000
1.010	-70.000000
1.020	-70.000000
1.030	-70.000000
1.040	-70.000000
1.050	-70.000000
1.060	-70.000000
1.070	-70.000000
1.080	-70.000000
1.090	-70.000000
1.100	-40.000000
1.110	-25.000000
1.120	-5.000000
1.130	-5.000000
1.140	-5.000000
1.150	10.000000
1.160	10.000000
1.170	10.000000
1.180	10.000000
1.190	10.000000
1.200	10.000000
1.210	10.000000
1.220	10.000000
1.230	10.000000
1.240	10.000000
1.250	10.000000
1.260	10.000000
1.270	40.000000
1.280	40.000000
1.290	40.000000
1.300	40.000000
1.310	60.000000
1.320	60.000000
1.330	60.000000
1.340	60.000000
1.350	60.000000
1.360	60.000000
1.370	60.000000
1.380	60.000000
1.390	60.000000
1.400	60.000000
1.410	60.000000
1.420	60.000000
1.430	60.000000
1.440	60.000000
1.450	60.000000
1.460	60.000000
1.470	60.000000
1.480	60.000000
1.490	65.000000
1.500	90.000000
1.510	110.000000
1.520	110.000000
1.530	110.000000
1.540	110.000000
1.550	110.000000
1.560	110.000000
1.570	110.000000
1.580	110.000000
1.590	110.000000
1.600	110.000000
1.610	110.000000
1.620	110.000000
1.630	110.000000
1.640	110.000000
1.650	110.000000
1.660	110.000000
1.670	110.000000
1.680	110.000000
1.690	110.000000
1.700	110.000000
1.710	110.000000
1.720	110.000000
1.730	110.000000
1.740	110.000000
1.750	110.000000
1.760	110.000000
1.770	110.000000
1.780	110.000000
1.790	110.000000
1.800	110.000000
1.810	110.000000
1.820	110.000000
1.830	110.000000
1.840	85.000000
1.850	65.000000
1.860	65.000000
1.870	50.000000
1.880	45.000000
1.890	45.000000
1.900	45.000000
1.910	45.000000
1.920	45.000000
1.930	45.000000
1.940	45.000000
1.950	45.000000
1.960	45.000000
1.970	45.000000
1.980	45.000000
1.990	45.000000
2.000	45.000000
2.010	45.000000
2.020	45.000000
2.030	45.000000
2.040	45.000000
2.050	45.000000
2.060	45.000000
2.070	45.000000
2.080	45.000000
2.090	70.000000
2.100	70.000000
2.110	85.000000
2.120	115.000000
2.130	125.000000
2.140	125.000000
2.150	125.000000
2.160	125.000000
2.170	125.000000
2.180	125.000000
2.190	125.000000
2.200	125.000000
2.210	125.000000
2.220	125.000000
2.230	125.000000
2.240	125.000000
2.250	125.000000
2.260	125.000000
2.270	125.000000
2.280	125.000000
2.290	125.000000
2.300	125.000000
2.310	125.000000
2.320	125.000000
2.330	125.000000
2.340	125.000000
2.350	125.000000
2.360	125.000000
2.370	125.000000
2.380	125.000000
2.390	125.000000
2.400	125.000000
2.410	125.000000
2.420	125.000000
2.430	125.000000
2.440	125.000000
2.450	125.000000
2.460	125.000000
2.470	125.000000
2.480	125.000000
2.490	125.000000
2.500	100.000000
2.510	70.000000
2.520	70.000000
2.530	70.000000
2.540	55.000000
2.550	55.000000
2.560	55.000000
2.570	55.000000
2.580	55.000000
2.590	55.000000
2.600	55.000000
2.610	55.000000
2.620	55.000000
2.630	35.000000
2.640	25.000000
2.650	25.000000
2.660	25.000000
2.670	25.000000
2.680	25.000000
2.690	25.000000
2.700	10.000000
2.710	-10.000000
2.720	-25.000000
2.730	-25.000000
2.740	-25.000000
2.750	-25.000000
2.760	-25.000000
2.770	-25.000000
2.780	-25.000000
2.790	-25.000000
2.800	-25.000000
2.810	-25.000000
2.820	-25.000000
2.830	-25.000000
2.840	-25.000000
2.850	-25.000000
2.860	-25.000000
2.870	-25.000000
2.880	-25.000000
2.890	-25.000000
2.900	-25.000000
2.910	-25.000000
2.920	-25.000000
2.930	-25.000000
2.940	-25.000000
2.950	-25.000000
2.960	-25.000000
2.970	-25.000000
2.980	-25.000000
2.990	-25.000000
3.000	-25.000000
3.010	-25.000000
3.020	-25.000000
3.030	-25.000000
3.040	-25.000000
3.050	-25.000000
3.060	-25.000000
3.070	-25.000000
3.080	-25.000000
3.090	-25.000000
3.100	-25.000000
3.110	-25.000000
3.120	-25.000000
3.130	-25.000000
3.140	-25.000000
3.150	-25.000000
3.160	-25.000000
3.170	-25.000000
3.180	-25.000000
3.190	-25.000000
3.200	-25.000000
3.210	-25.000000
3.220	-25.000000
3.230	-25.000000
3.240	-25.000000
3.250	-25.000000
3.260	-25.000000
3.270	-25.000000
3.280	-25.000000
3.290	-25.000000
3.300	-25.000000
3.310	-25.000000
3.320	-25.000000
3.330	-25.000000
3.340	-25.000000
3.350	-25.000000
3.360	-25.000000
3.370	-25.000000
3.380	-25.000000
3.390	-25.000000
3.400	-25.000000
3.410	-25.000000
3.420	-25.000000
3.430	-25.000000
3.440	-25.000000
3.450	-12.500000
3.460	5.000000
3.470	7.500000
3.480	22.500000
3.490	25.000000
3.500	25.000000
3.510	25.000000
3.520	25.000000
3.530	25.000000
3.540	25.000000
3.550	25.000000
3.560	25.000000
3.570	25.000000
3.580	25.000000
3.590	25.000000
3.600	25.000000
3.610	25.000000
3.620	25.000000
3.630	25.000000
3.640	25.000000
3.650	25.000000
3.660	25.000000
3.670	25.000000
3.680	25.000000
3.690	25.000000
3.700	25.000000
3.710	25.000000
3.720	25.000000
3.730	25.000000
3.740	25.000000
3.750	25.000000
3.760	25.000000
3.770	12.500000
3.780	12.500000
3.790	10.000000
3.800	-15.000000
3.810	-25.000000
3.820	-25.000000
3.830	-25.000000
3.840	-25.000000
3.850	-25.000000
3.860	-25.000000
3.870	-25.000000
3.880	-25.000000
3.890	-25.000000
3.900	-25.000000
3.910	-25.000000
3.920	-25.000000
3.930	-25.000000
3.940	-25.000000
3.950	-25.000000
3.960	-25.000000
3.970	-25.000000
3.980	-25.000000
3.990	-25.000000
4.000	-25.000000
4.010	-25.000000
4.020	-25.000000
4.030	-25.000000
4.040	-25.000000
4.050	-25.000000
4.060	-25.000000
4.070	-25.000000
4.080	-25.000000
4.090	-25.000000
4.100	-25.000000
4.110	-25.000000
4.120	-12.500000
4.130	-12.500000
4.140	-12.500000
4.150	-12.500000
4.160	-12.500000
4.170	-12.500000
4.180	-12.500000
4.190	-12.500000
4.200	-12.500000
4.210	-12.500000
4.220	-12.500000
4.230	-12.500000
4.240	-12.500000
4.250	-12.500000
4.260	-12.500000
4.270	-12.500000
4.280	-12.500000
4.290	-12.500000
4.300	-12.500000
4.310	-12.500000
4.320	-12.500000
4.330	-12.500000
4.340	-12.500000
4.350	-12.500000
4.360	-12.500000
4.370	-12.500000
4.380	-12.500000
4.390	-12.500000
4.400	-12.500000
4.410	-12.500000
4.420	-12.500000
4.430	-12.500000
4.440	-12.500000
4.450	-12.500000
4.460	-12.500000
4.470	-12.500000
4.480	-12.500000
4.490	-12.500000
4.500	-12.500000
4.510	-12.500000
4.520	-12.500000
4.530	-12.500000
4.540	-12.500000
4.550	-12.500000
4.560	-12.500000
4.570	-12.500000
4.580	-12.500000
4.590	-12.500000
4.600	-12.500000
4.610	-12.500000
4.620	-12.500000
4.630	-12.500000
4.640	-12.500000
4.650	-12.500000
4.660	-12.500000
4.670	-5.000000
4.680	5.000000
4.690	22.500000
4.700	22.500000
4.710	22.500000
4.720	22.500000
4.730	22.500000
4.740	22.500000
4.750	22.500000
4.760	22.500000
4.770	22.500000
4.780	22.500000
4.790	30.000000
4.800	42.500000
4.810	42.500000
4.820	57.500000
4.830	57.500000
4.840	57.500000
4.850	57.500000
4.860	57.500000
4.870	57.500000
4.880	57.500000
4.890	57.500000
4.900	57.500000
4.910	57.500000
4.920	57.500000
4.930	57.500000
4.940	57.500000
4.950	57.500000
4.960	57.500000
4.970	57.500000
4.980	57.500000
4.990	57.500000
5.000	57.500000
5.010	57.500000
5.020	57.500000
5.030	57.500000
5.040	57.500000
5.050	57.500000
5.060	57.500000
5.070	57.500000
5.080	57.500000
5.090	57.500000
5.100	57.500000
5.110	57.500000
5.120	57.500000
5.130	57.500000
5.140	57.500000
5.150	60.000000
5.160	65.000000
5.170	75.000000
5.180	75.000000
5.190	75.000000
5.200	75.000000
5.210	75.000000
5.220	75.000000
5.230	75.000000
5.240	75.000000
5.250	75.000000
5.260	75.000000
5.270	70.000000
5.280	60.000000
5.290	60.000000
5.300	60.000000
5.310	60.000000
5.320	47.500000
5.330	47.500000
5.340	47.500000
5.350	47.500000
5.360	47.500000
5.370	47.500000
5.380	47.500000
5.390	47.500000
5.400	47.500000
5.410	47.500000
5.420	47.500000
5.430	47.500000
5.440	47.500000
5.450	47.500000
5.460	47.500000
5.470	47.500000
5.480	47.500000
5.490	47.500000
5.500	47.500000
5.510	47.500000
5.520	47.500000
5.530	40.000000
5.540	35.000000
5.550	27.500000
5.560	27.500000
5.570	27.500000
5.580	27.500000
5.590	27.500000
5.600	27.500000
5.610	27.500000
5.620	27.500000
5.630	27.500000
5.640	27.500000
5.650	27.500000
5.660	27.500000
5.670	27.500000
5.680	27.500000
5.690	27.500000
5.700	27.500000
5.710	27.500000
5.720	27.500000
5.730	27.500000
5.740	27.500000
5.750	27.500000
5.760	27.500000
5.770	27.500000
5.780	27.500000
5.790	27.500000
5.800	27.500000
5.810	27.500000
5.820	27.500000
5.830	27.500000
5.840	27.500000
5.850	27.500000
5.860	27.500000
5.870	27.500000
5.880	27.500000
5.890	27.500000
5.900	27.500000
5.910	27.500000
5.920	37.500000
5.930	52.500000
5.940	62.500000
5.950	62.500000
5.960	62.500000
5.970	62.500000
5.980	62.500000
5.990	62.500000
6.000	62.500000
6.010	62.500000
6.020	62.500000
6.030	62.500000
6.040	62.500000
6.050	62.500000
6.060	62.500000
6.070	62.500000
6.080	62.500000
6.090	62.500000
6.100	62.500000
6.110	62.500000
6.120	62.500000
6.130	62.500000
6.140	52.500000
6.150	47.500000
6.160	47.500000
6.170	40.000000
6.180	37.500000
6.190	37.500000
6.200	22.500000
6.210	22.500000
6.220	22.500000
6.230	22.500000
6.240	22.500000
6.250	22.500000
6.260	22.500000
6.270	22.500000
6.280	22.500000
6.290	22.500000
6.300	22.500000
6.310	22.500000
6.320	22.500000
6.330	22.500000
6.340	20.000000
6.350	13.750000
6.360	10.000000
6.370	2.500000
6.380	0.000000
6.390	0.000000
6.400	0.000000
6.410	-3.750000
6.420	-5.000000
6.430	-5.000000
6.440	-5.000000
6.450	-5.000000
6.460	-5.000000
6.470	-11.250000
6.480	-11.250000
6.490	-11.250000
6.500	-11.250000
6.510	-15.000000
6.520	-20.000000
6.530	-22.500000
6.540	-26.250000
6.550	-26.250000
6.560	-26.250000
6.570	-26.250000
6.580	-26.250000
6.590	-26.250000
6.600	-26.250000
6.610	-26.250000
6.620	-26.250000
6.630	-26.250000
6.640	-26.250000
6.650	-26.250000
6.660	-26.250000
6.670	-26.250000
6.680	-26.250000
6.690	-26.250000
6.700	-26.250000
6.710	-26.250000
6.720	-26.250000
6.730	-26.250000
6.740	-26.250000
6.750	-26.250000
6.760	-26.250000
6.770	-26.250000
6.780	-26.250000
6.790	-26.250000
6.800	-26.250000
6.810	-26.250000
6.820	-26.250000
6.830	-26.250000
6.840	-26.250000
6.850	-26.250000
6.860	-26.250000
6.870	-25.000000
6.880	-23.750000
6.890	-23.750000
6.900	-18.750000
6.910	-17.500000
6.920	-16.250000
6.930	-16.250000
6.940	-16.250000
6.950	-16.250000
6.960	-16.250000
6.970	-16.250000
6.980	-16.250000
6.990	-16.250000
7.000	-16.250000
7.010	-16.250000
7.020	-16.250000
7.030	-16.250000
7.040	-10.000000
7.050	-5.000000
7.060	-5.000000
7.070	-5.000000
7.080	-5.000000
7.090	-5.000000
7.100	-5.000000
7.110	2.500000
7.120	7.500000
7.130	7.500000
7.140	7.500000
7.150	7.500000
7.160	7.500000
7.170	7.500000
7.180	7.500000
7.190	7.500000
7.200	7.500000
7.210	7.500000
7.220	7.500000
7.230	7.500000
7.240	7.500000
7.250	7.500000
7.260	7.500000
7.270	7.500000
7.280	7.500000
7.290	7.500000
7.300	7.500000
7.310	7.500000
7.320	7.500000
7.330	7.500000
7.340	7.500000
7.350	7.500000
7.360	7.500000
7.370	7.500000
7.380	12.500000
7.390	12.500000
7.400	12.500000
7.410	12.500000
7.420	12.500000
7.430	12.500000
7.440	12.500000
7.450	12.500000
7.460	12.500000
7.470	12.500000
7.480	12.500000
7.490	12.500000
7.500	12.500000
7.510	12.500000
7.520	12.500000
7.530	12.500000
7.540	12.500000
7.550	12.500000
7.560	12.500000
7.570	12.500000
7.580	12.500000
7.590	12.500000
7.600	12.500000
7.610	12.500000
7.620	12.500000
7.630	12.500000
7.640	12.500000
7.650	12.500000
7.660	12.500000
7.670	12.500000
7.680	12.500000
7.690	12.500000
7.700	12.500000
7.710	12.500000
7.720	12.500000
7.730	12.500000
7.740	12.500000
7.750	12.500000
7.760	12.500000
7.770	12.500000
7.780	12.500000
7.790	12.500000
7.800	22.500000
7.810	27.500000
7.820	28.750000
7.830	31.250000
7.840	31.250000
7.850	31.250000
7.860	31.250000
7.870	31.250000
7.880	31.250000
7.890	31.250000
7.900	31.250000
7.910	31.250000
7.920	31.250000
7.930	31.250000
7.940	31.250000
7.950	31.250000
7.960	31.250000
7.970	31.250000
7.980	31.250000
7.990	31.250000
8.000	31.250000
8.010	31.250000
8.020	31.250000
8.030	31.250000
8.040	31.250000
8.050	31.250000
8.060	31.250000
8.070	31.250000
8.080	31.250000
8.090	31.250000
8.100	31.250000
8.110	31.250000
8.120	31.250000
8.130	31.250000
8.140	31.250000
8.150	31.250000
8.160	31.250000
8.170	31.250000
8.180	31.250000
8.190	31.250000
8.200	31.250000
8.210	31.250000
8.220	31.250000
8.230	31.250000
8.240	31.250000
8.250	31.250000
8.260	31.250000
8.270	31.250000
8.280	31.250000
8.290	31.250000
8.300	31.250000
8.310	31.250000
8.320	31.250000
8.330	31.250000
8.340	31.250000
8.350	31.250000
8.360	35.000000
8.370	43.750000
8.380	43.750000
8.390	43.750000
8.400	43.750000
8.410	43.750000
8.420	43.750000
8.430	43.750000
8.440	47.500000
8.450	52.500000
8.460	52.500000
8.470	52.500000
8.480	52.500000
8.490	52.500000
8.500	52.500000
8.510	52.500000
8.520	52.500000
8.530	52.500000
8.540	52.500000
8.550	52.500000
8.560	58.750000
8.570	60.000000
8.580	60.000000
8.590	60.000000
8.600	60.000000
8.610	60.000000
8.620	60.000000
8.630	60.000000
8.640	60.000000
8.650	60.000000
8.660	60.000000
8.670	60.000000
8.680	60.000000
8.690	60.000000
8.700	60.000000
8.710	60.000000
8.720	60.000000
8.730	60.000000
8.740	60.000000
8.750	60.000000
8.760	60.000000
8.770	60.000000
8.780	60.000000
8.790	60.000000
8.800	60.000000
8.810	60.000000
8.820	60.000000
8.830	60.000000
8.840	60.000000
8.850	60.000000
8.860	60.000000
8.870	60.000000
8.880	60.000000
8.890	58.750000
8.900	51.250000
8.910	47.500000
8.920	47.500000
8.930	47.500000
8.940	47.500000
8.950	47.500000
8.960	43.750000
8.970	43.750000
8.980	43.750000
8.990	43.750000
9.000	43.750000
9.010	43.750000
9.020	43.750000
9.030	43.750000
9.040	43.750000
9.050	43.750000
9.060	43.750000
9.070	38.750000
9.080	32.500000
9.090	30.000000
9.100	30.000000
9.110	30.000000
9.120	30.000000
9.130	30.000000
9.140	26.250000
9.150	25.000000
9.160	25.000000
9.170	25.000000
9.180	25.000000
9.190	25.000000
9.200	25.000000
9.210	25.000000
9.220	25.000000
9.230	25.000000
9.240	25.000000
9.250	20.000000
9.260	15.000000
9.270	13.750000
9.280	13.750000
9.290	13.750000
9.300	13.750000
9.310	13.750000
9.320	13.750000
9.330	13.750000
9.340	13.750000
9.350	13.750000
9.360	13.750000
9.370	13.750000
9.380	13.750000
9.390	13.750000
9.400	13.750000
9.410	13.750000
9.420	13.750000
9.430	13.750000
9.440	13.750000
9.450	13.750000
9.460	13.750000
9.470	13.750000
9.480	13.750000
9.490	13.750000
9.500	13.750000
9.510	13.750000
9.520	13.750000
9.530	13.750000
9.540	13.750000
9.550	13.750000
9.560	13.750000
9.570	13.750000
9.580	10.000000
9.590	10.000000
9.600	10.000000
9.610	10.000000
9.620	8.125000
9.630	8.125000
9.640	8.125000
9.650	8.125000
9.660	8.125000
9.670	8.125000
9.680	8.125000
9.690	8.125000
9.700	8.125000
9.710	8.125000
9.720	8.125000
9.730	8.125000
9.740	8.125000
9.750	8.125000
9.760	8.125000
9.770	8.125000
9.780	8.125000
9.790	6.250000
9.800	5.625000
9.810	2.500000
9.820	1.250000
9.830	1.250000
9.840	1.250000
9.850	1.250000
9.860	1.250000
9.870	1.250000
9.880	1.250000
9.890	1.250000
9.900	1.250000
9.910	1.250000
9.920	1.250000
9.930	1.250000
9.940	1.250000
9.950	1.250000
9.960	1.250000
9.970	1.250000
9.980	1.250000
9.990	1.250000
10.000	1.250000
10.010	1.250000
10.020	1.250000
10.030	1.250000
10.040	1.250000
10.050	1.250000
10.060	1.250000
10.070	1.250000
10.080	1.250000
10.090	1.250000
10.100	1.250000
10.110	1.250000
10.120	1.250000
10.130	0.625000
10.140	-3.125000
10.150	-5.625000
10.160	-5.625000
10.170	-5.625000
10.180	-5.625000
10.190	-5.625000
10.200	-5.625000
10.210	-8.750000
10.220	-11.250000
10.230	-11.250000
10.240	-11.250000
10.250	-11.250000
10.260	-11.250000
10.270	-11.250000
10.280	-11.250000
10.290	-11.250000
10.300	-11.250000
10.310	-11.250000
10.320	-11.250000
10.330	-11.250000
10.340	-11.250000
10.350	-11.250000
10.360	-11.250000
10.370	-11.250000
10.380	-11.250000
10.390	-11.250000
10.400	-11.250000
10.410	-11.250000
10.420	-11.250000
10.430	-11.250000
10.440	-11.250000
10.450	-11.250000
10.460	-11.250000
10.470	-11.250000
10.480	-11.250000
10.490	-11.250000
10.500	-11.250000
10.510	-11.250000
10.520	-11.250000
10.530	-11.250000
10.540	-11.250000
10.550	-11.250000
10.560	-11.250000
10.570	-11.250000
10.580	-11.250000
10.590	-11.250000
10.600	-11.250000
10.610	-11.250000
10.620	-11.250000
10.630	-11.250000
10.640	-11.250000
10.650	-11.250000
10.660	-11.250000
10.670	-11.250000
10.680	-11.250000
10.690	-11.250000
10.700	-11.250000
10.710	-11.250000
10.720	-11.250000
10.730	-11.250000
10.740	-11.250000
10.750	-11.250000
10.760	-11.250000
10.770	-11.250000
10.780	-11.250000
10.790	-11.250000
10.800	-11.250000
10.810	-11.250000
10.820	-11.250000
10.830	-11.250000
10.840	-15.000000
10.850	-19.375000
10.860	-24.375000
10.870	-24.375000
10.880	-24.375000
10.890	-24.375000
10.900	-24.375000
10.910	-24.375000
10.920	-24.375000
10.930	-24.375000
10.940	-25.000000
10.950	-28.750000
10.960	-28.750000
10.970	-28.750000
10.980	-28.750000
10.990	-28.750000
11.000	-28.750000
11.010	-28.750000
11.020	-28.750000
11.030	-28.750000
11.040	-28.750000
11.050	-28.750000
11.060	-28.750000
11.070	-28.750000
11.080	-28.750000
11.090	-28.750000
11.100	-28.750000
11.110	-28.750000
11.120	-28.750000
11.130	-28.750000
11.140	-28.750000
11.150	-28.750000
11.160	-28.750000
11.170	-28.750000
11.180	-28.750000
11.190	-28.750000
11.200	-28.750000
11.210	-28.750000
11.220	-26.875000
11.230	-26.250000
11.240	-26.250000
11.250	-26.250000
11.260	-26.250000
11.270	-26.250000
11.280	-26.250000
11.290	-26.250000
11.300	-26.250000
11.310	-26.250000
11.320	-26.250000
11.330	-26.250000
11.340	-26.250000
11.350	-26.250000
11.360	-20.625000
11.370	-20.000000
11.380	-18.750000
11.390	-16.250000
11.400	-13.750000
11.410	-13.750000
11.420	-12.500000
11.430	-12.500000
11.440	-12.500000
11.450	-12.500000
11.460	-12.500000
11.470	-12.500000
11.480	-12.500000
11.490	-12.500000
11.500	-12.500000
11.510	-8.750000
11.520	-5.625000
11.530	-5.625000
11.540	-5.625000
11.550	-5.625000
11.560	-5.625000
11.570	-5.625000
11.580	-5.625000
11.590	-5.625000
11.600	-5.625000
11.610	-3.125000
11.620	-2.500000
11.630	-2.500000
11.640	-0.625000
11.650	2.500000
11.660	2.500000
11.670	2.500000
11.680	2.500000
11.690	2.500000
11.700	2.500000
11.710	2.500000
11.720	2.500000
11.730	2.500000
11.740	2.500000
11.750	5.000000
11.760	8.750000
11.770	8.750000
11.780	8.750000
11.790	8.750000
11.800	8.750000
11.810	8.750000
11.820	8.750000
11.830	8.750000
11.840	8.750000
11.850	8.750000
11.860	8.750000
11.870	8.750000
11.880	8.750000
11.890	8.750000
11.900	8.750000
11.910	8.750000
11.920	8.750000
11.930	8.750000
11.940	8.750000
11.950	8.750000
11.960	8.750000
11.970	8.750000
11.980	8.750000
11.990	8.750000
12.000	8.750000
12.010	8.750000
12.020	8.750000
12.030	8.750000
12.040	8.750000
12.050	8.750000
12.060	8.750000
12.070	8.750000
12.080	8.750000
12.090	8.750000
12.100	8.750000
12.110	8.750000
12.120	8.750000
12.130	8.750000
12.140	8.750000
12.150	8.750000
12.160	8.750000
12.170	8.750000
12.180	8.750000
12.190	8.750000
12.200	7.500000
12.210	5.625000
12.220	2.500000
12.230	2.500000
12.240	2.500000
12.250	2.500000
12.260	2.500000
12.270	2.500000
12.280	2.500000
12.290	2.500000
12.300	2.500000
12.310	2.500000
12.320	2.500000
12.330	2.500000
12.340	2.500000
12.350	2.500000
12.360	2.500000
12.370	2.500000
12.380	2.500000
12.390	2.500000
12.400	2.500000
12.410	2.500000
12.420	2.500000
12.430	2.500000
12.440	2.500000
12.450	2.500000
12.460	2.500000
12.470	2.500000
12.480	2.500000
12.490	2.500000
12.500	2.500000
12.510	2.500000
12.520	2.500000
12.530	2.500000
12.540	2.500000
12.550	2.500000
12.560	2.500000
12.570	2.500000
12.580	2.500000
12.590	2.500000
12.600	2.500000
12.610	2.500000
12.620	2.500000
12.630	3.437500
12.640	3.437500
12.650	3.437500
12.660	3.750000
12.670	4.062500
12.680	4.062500
12.690	4.062500
12.700	4.062500
12.710	4.062500
12.720	4.062500
12.730	4.062500
12.740	4.062500
12.750	4.062500
12.760	4.062500
12.770	4.062500
12.780	4.062500
12.790	4.062500
12.800	4.062500
12.810	4.062500
12.820	4.062500
12.830	4.062500
12.840	5.312500
12.850	6.875000
12.860	7.187500
12.870	7.187500
12.880	7.187500
12.890	7.187500
12.900	7.187500
12.910	7.187500
12.920	7.187500
12.930	8.437500
12.940	10.312500
12.950	11.875000
12.960	11.875000
12.970	11.875000
12.980	11.875000
12.990	11.875000
13.000	13.437500
13.010	14.062500
13.020	16.250000
13.030	16.562500
13.040	18.125000
13.050	18.437500
13.060	18.437500
13.070	18.437500
13.080	18.437500
13.090	18.437500
13.100	18.437500
13.110	18.437500
13.120	18.437500
13.130	18.437500
13.140	18.437500
13.150	18.437500
13.160	18.437500
13.170	18.437500
13.180	18.437500
13.190	18.437500
13.200	18.437500
13.210	18.437500
13.220	18.437500
13.230	18.437500
13.240	18.437500
13.250	18.437500
13.260	18.437500
13.270	18.437500
13.280	18.437500
13.290	18.437500
13.300	18.437500
13.310	18.437500
13.320	18.437500
13.330	18.437500
13.340	18.437500
13.350	18.437500
13.360	18.437500
13.370	18.437500
13.380	18.437500
13.390	18.437500
13.400	18.437500
13.410	18.437500
13.420	18.437500
13.430	18.437500
13.440	17.500000
13.450	17.500000
13.460	17.500000
13.470	16.250000
13.480	16.250000
13.490	16.250000
13.500	16.250000
13.510	16.250000
13.520	16.250000
13.530	16.250000
13.540	16.250000
13.550	16.250000
13.560	16.250000
13.570	16.250000
13.580	16.250000
13.590	16.250000
13.600	16.250000
13.610	16.250000
13.620	16.250000
13.630	16.250000
13.640	16.250000
13.650	16.250000
13.660	16.250000
13.670	16.250000
13.680	16.250000
13.690	16.250000
13.700	16.250000
13.710	16.250000
13.720	16.250000
13.730	16.250000
13.740	16.250000
13.750	16.250000
13.760	16.250000
13.770	16.250000
13.780	16.250000
13.790	16.250000
13.800	16.250000
13.810	16.250000
13.820	16.250000
13.830	16.250000
13.840	16.250000
13.850	16.250000
13.860	16.250000
13.870	16.250000
13.880	16.250000
13.890	16.250000
13.900	16.250000
13.910	16.250000
13.920	16.250000
13.930	16.250000
13.940	16.250000
13.950	16.250000
13.960	16.250000
13.970	16.250000
13.980	16.250000
13.990	16.250000
14.000	16.250000
14.010	15.937500
14.020	13.437500
14.030	11.875000
14.040	11.562500
14.050	10.625000
14.060	10.625000
14.070	9.375000
14.080	8.437500
14.090	8.437500
14.100	8.437500
14.110	8.437500
14.120	8.437500
14.130	8.437500
14.140	8.437500
14.150	7.812500
14.160	5.625000
14.170	5.312500
14.180	5.312500
14.190	5.312500
14.200	5.312500
14.210	5.312500
14.220	5.312500
14.230	5.312500
14.240	5.312500
14.250	5.312500
14.260	5.312500
14.270	5.312500
14.280	5.312500
14.290	5.312500
14.300	5.312500
14.310	5.312500
14.320	5.312500
14.330	5.312500
14.340	5.312500
14.350	5.312500
14.360	5.312500
14.370	5.312500
14.380	5.312500
14.390	5.312500
14.400	5.312500
14.410	5.312500
14.420	5.312500
14.430	5.312500
14.440	5.312500
14.450	5.312500
14.460	5.312500
14.470	5.000000
14.480	5.000000
14.490	5.000000
14.500	5.000000
14.510	5.000000
14.520	5.000000
14.530	5.000000
14.540	5.000000
14.550	5.000000
14.560	5.000000
14.570	5.000000
14.580	5.000000
14.590	5.000000
14.600	5.000000
14.610	5.000000
14.620	5.000000
14.630	5.000000
14.640	5.000000
14.650	5.000000
14.660	5.000000
14.670	5.000000
14.680	5.000000
14.690	5.000000
14.700	5.000000
14.710	5.000000
14.720	5.000000
14.730	5.000000
14.740	5.000000
14.750	5.000000
14.760	5.000000
14.770	5.000000
14.780	5.000000
14.790	5.000000
14.800	5.000000
14.810	5.000000
14.820	5.000000
14.830	6.250000
14.840	8.437500
14.850	8.437500
14.860	8.437500
14.870	8.437500
14.880	8.437500
14.890	8.437500
14.900	8.437500
14.910	8.437500
14.920	8.437500
14.930	8.437500
14.940	8.437500
14.950	8.437500
14.960	8.437500
14.970	8.437500
14.980	8.437500
14.990	8.437500
15.000	8.437500
15.010	8.437500
15.020	8.437500
15.030	8.437500
15.040	8.437500
15.050	8.437500
15.060	8.437500
15.070	8.437500
15.080	8.437500
15.090	8.437500
15.100	8.437500
15.110	8.437500
15.120	8.437500
15.130	8.437500
15.140	8.437500
15.150	8.437500
15.160	8.593750
15.170	8.906250
15.180	9.062500
15.190	9.062500
15.200	9.062500
15.210	9.062500
15.220	9.062500
15.230	9.062500
15.240	9.531250
15.250	10.000000
15.260	10.000000
15.270	10.000000
15.280	10.000000
15.290	10.000000
15.300	10.000000
15.310	10.000000
15.320	10.000000
15.330	10.000000
15.340	10.000000
15.350	10.000000
15.360	10.000000
15.370	10.000000
15.380	10.000000
15.390	10.000000
15.400	10.000000
15.410	10.000000
15.420	10.000000
15.430	10.000000
15.440	10.000000
15.450	10.000000
15.460	10.000000
15.470	10.000000
15.480	10.000000
15.490	10.000000
15.500	10.000000
15.510	10.000000
15.520	10.000000
15.530	10.000000
15.540	10.000000
15.550	10.000000
15.560	10.000000
15.570	10.000000
15.580	10.000000
15.590	10.000000
15.600	10.000000
15.610	10.000000
15.620	10.000000
15.630	10.000000
15.640	10.000000
15.650	10.000000
15.660	10.000000
15.670	10.000000
15.680	10.000000
15.690	10.000000
15.700	10.000000
15.710	10.000000
15.720	10.000000
15.730	10.000000
15.740	10.000000
15.750	10.000000
15.760	10.000000
15.770	10.000000
15.780	10.000000
15.790	10.000000
15.800	10.000000
15.810	10.000000
15.820	10.000000
15.830	10.000000
15.840	9.531250
15.850	8.125000
15.860	7.968750
15.870	6.562500
15.880	6.093750
15.890	5.625000
15.900	4.375000
15.910	4.375000
15.920	3.906250
15.930	3.906250
15.940	3.906250
15.950	3.906250
15.960	3.906250
15.970	3.906250
15.980	3.906250
15.990	3.906250
16.000	3.906250
16.010	3.906250
16.020	3.906250
16.030	3.906250
16.040	3.906250
16.050	3.906250
16.060	3.906250
16.070	3.906250
16.080	3.906250
16.090	3.906250
16.100	3.906250
16.110	3.906250
16.120	3.906250
16.130	3.906250
16.140	3.906250
16.150	3.906250
16.160	3.906250
16.170	3.906250
16.180	3.906250
16.190	3.906250
16.200	3.906250
16.210	3.906250
16.220	3.906250
16.230	3.906250
16.240	3.906250
16.250	3.906250
16.260	3.906250
16.270	3.906250
16.280	3.906250
16.290	3.906250
16.300	3.906250
16.310	3.906250
16.320	3.906250
16.330	3.906250
16.340	3.906250
16.350	3.906250
16.360	3.906250
16.370	3.437500
16.380	3.437500
16.390	2.812500
16.400	2.812500
16.410	2.812500
16.420	2.812500
16.430	2.812500
16.440	2.812500
16.450	2.812500
16.460	2.656250
16.470	2.656250
16.480	2.656250
16.490	2.656250
16.500	2.656250
16.510	2.656250
16.520	2.656250
16.530	2.343750
16.540	1.250000
16.550	0.312500
16.560	-0.156250
16.570	-0.312500
16.580	-1.093750
16.590	-1.250000
16.600	-1.718750
16.610	-1.718750
16.620	-1.718750
16.630	-1.718750
16.640	-2.031250
16.650	-2.656250
16.660	-2.656250
16.670	-2.656250
16.680	-2.656250
16.690	-2.656250
16.700	-2.656250
16.710	-2.656250
16.720	-2.656250
16.730	-2.656250
16.740	-2.656250
16.750	-2.656250
16.760	-2.656250
16.770	-2.656250
16.780	-2.656250
16.790	-2.656250
16.800	-2.656250
16.810	-2.656250
16.820	-2.656250
16.830	-2.656250
16.840	-2.656250
16.850	-2.656250
16.860	-2.656250
16.870	-2.656250
16.880	-2.656250
16.890	-2.656250
16.900	-2.656250
16.910	-2.656250
16.920	-2.656250
16.930	-2.656250
16.940	-2.656250
16.950	-2.656250
16.960	-2.656250
16.970	-2.656250
16.980	-2.656250
16.990	-2.656250
17.000	-2.656250
17.010	-2.656250
17.020	-2.656250
17.030	-2.656250
17.040	-2.656250
17.050	-2.656250
17.060	-2.656250
17.070	-2.656250
17.080	-2.656250
17.090	-2.656250
17.100	-2.656250
17.110	-2.656250
17.120	-2.656250
17.130	-2.656250
17.140	-2.656250
17.150	-1.562500
17.160	-1.093750
17.170	-0.937500
17.180	-0.468750
17.190	-0.468750
17.200	-0.468750
17.210	-0.468750
17.220	-0.468750
17.230	0.000000
17.240	0.781250
17.250	0.781250
17.260	0.781250
17.270	0.937500
17.280	1.718750
17.290	2.500000
17.300	2.968750
17.310	2.968750
17.320	2.968750
17.330	2.968750
17.340	2.968750
17.350	2.968750
17.360	2.968750
17.370	2.968750
17.380	2.968750
17.390	2.968750
17.400	2.968750
17.410	2.968750
17.420	2.968750
17.430	2.968750
17.440	4.062500
17.450	5.000000
17.460	5.937500
17.470	6.250000
17.480	6.875000
17.490	6.875000
17.500	6.875000
17.510	6.875000
17.520	6.875000
17.530	6.875000
17.540	6.875000
17.550	6.875000
17.560	6.875000
17.570	6.875000
17.580	6.875000
17.590	6.875000
17.600	6.875000
17.610	6.875000
17.620	6.875000
17.630	6.875000
17.640	6.875000
17.650	6.875000
17.660	6.875000
17.670	6.875000
17.680	6.875000
17.690	6.875000
17.700	6.875000
17.710	6.875000
17.720	6.875000
17.730	6.875000
17.740	6.875000
17.750	6.875000
17.760	6.875000
17.770	6.875000
17.780	6.875000
17.790	6.875000
17.800	6.875000
17.810	6.875000
17.820	6.875000
17.830	6.875000
17.840	6.875000
17.850	6.875000
17.860	6.875000
17.870	6.875000
17.880	7.500000
17.890	8.750000
17.900	8.750000
17.910	8.750000
17.920	8.750000
17.930	8.750000
17.940	8.750000
17.950	8.750000
17.960	8.750000
17.970	8.750000
17.980	8.750000
17.990	8.750000
18.000	8.750000
18.010	8.750000
18.020	9.062500
18.030	9.062500
18.040	9.062500
18.050	9.375000
18.060	9.375000
18.070	9.375000
18.080	10.312500
18.090	11.093750
18.100	11.093750
18.110	11.093750
18.120	11.093750
18.130	11.093750
18.140	11.093750
18.150	11.093750
18.160	11.093750
18.170	11.093750
18.180	11.093750
18.190	11.093750
18.200	11.093750
18.210	11.093750
18.220	11.093750
18.230	11.093750
18.240	11.093750
18.250	11.093750
18.260	11.093750
18.270	11.093750
18.280	11.093750
18.290	11.093750
18.300	11.093750
18.310	11.093750
18.320	11.093750
18.330	11.093750
18.340	11.093750
18.350	11.093750
18.360	11.093750
18.370	11.093750
18.380	11.093750
18.390	11.093750
18.400	11.093750
18.410	11.093750
18.420	11.093750
18.430	11.093750
18.440	11.093750
18.450	11.093750
18.460	11.093750
18.470	11.093750
18.480	11.093750
18.490	11.093750
18.500	11.093750
18.510	9.687500
18.520	8.750000
18.530	8.750000
18.540	8.750000
18.550	8.750000
18.560	8.750000
18.570	8.750000
18.580	8.750000
18.590	8.750000
18.600	8.750000
18.610	8.593750
18.620	8.593750
18.630	8.593750
18.640	8.593750
18.650	8.281250
18.660	8.281250
18.670	8.281250
18.680	8.281250
18.690	8.281250
18.700	8.281250
18.710	8.281250
18.720	8.281250
18.730	8.281250
18.740	8.281250
18.750	7.656250
18.760	7.187500
18.770	6.718750
18.780	5.937500
18.790	5.625000
18.800	5.312500
18.810	4.218750
18.820	3.593750
18.830	3.593750
18.840	3.593750
18.850	3.593750
18.860	3.593750
18.870	3.593750
18.880	3.593750
18.890	3.593750
18.900	3.593750
18.910	3.593750
18.920	3.593750
18.930	3.593750
18.940	3.593750
18.950	3.593750
18.960	3.593750
18.970	3.593750
18.980	3.593750
18.990	3.593750
19.000	3.593750
19.010	3.593750
19.020	3.593750
19.030	3.593750
19.040	3.593750
19.050	3.593750
19.060	3.593750
19.070	3.593750
19.080	3.593750
19.090	3.593750
19.100	3.593750
19.110	3.593750
19.120	3.593750
19.130	3.593750
19.140	3.593750
19.150	3.593750
19.160	3.593750
19.170	3.593750
19.180	3.593750
19.190	3.593750
19.200	3.593750
19.210	3.593750
19.220	3.593750
19.230	3.593750
19.240	3.593750
19.250	3.593750
19.260	3.593750
19.270	3.593750
19.280	3.593750
19.290	3.593750
19.300	3.593750
19.310	3.593750
19.320	3.593750
19.330	3.593750
19.340	3.593750
19.350	3.593750
19.360	3.593750
19.370	3.593750
19.380	3.593750
19.390	3.593750
19.400	3.593750
19.410	3.593750
19.420	3.593750
19.430	3.593750
19.440	3.593750
19.450	3.593750
19.460	3.593750
19.470	3.593750
19.480	3.593750
19.490	3.593750
19.500	3.593750
19.510	3.593750
19.520	3.593750
19.530	3.593750
19.540	3.593750
19.550	3.593750
19.560	3.593750
19.570	3.593750
19.580	3.593750
19.590	3.593750
19.600	3.593750
19.610	3.593750
19.620	3.593750
19.630	3.593750
19.640	3.593750
19.650	3.593750
19.660	3.593750
19.670	3.593750
19.680	3.593750
19.690	3.593750
19.700	3.593750
19.710	3.125000
19.720	2.812500
19.730	2.812500
19.740	2.812500
19.750	2.812500
19.760	2.812500
19.770	2.812500
19.780	2.812500
19.790	2.812500
19.800	2.812500
19.810	2.812500
19.820	2.812500
19.830	2.812500
19.840	2.812500
19.850	2.812500
19.860	2.812500
19.870	2.812500
19.880	2.812500
19.890	2.812500
19.900	2.812500
19.910	2.812500
19.920	2.187500
19.930	1.953120
19.940	1.562500
19.950	1.562500
19.960	1.562500
19.970	1.562500
19.980	1.562500
19.990	1.562500
20.000	1.562500
20.010	1.562500
20.020	1.562500
20.030	1.562500
20.040	1.562500
20.050	1.562500
20.060	1.562500
20.070	1.562500
20.080	1.562500
20.090	1.562500
20.100	1.562500
20.110	1.562500
20.120	1.562500
20.130	1.562500
20.140	1.562500
20.150	1.562500
20.160	1.562500
20.170	1.562500
20.180	1.562500
20.190	1.562500
20.200	1.562500
20.210	1.562500
20.220	1.562500
20.230	1.562500
20.240	1.562500
20.250	1.562500
20.260	1.953120
20.270	1.953120
20.280	1.953120
20.290	1.953120
20.300	1.953120
20.310	1.953120
20.320	1.953120
20.330	1.953120
20.340	1.953120
20.350	1.953120
20.360	1.953120
20.370	1.953120
20.380	1.953120
20.390	1.953120
20.400	1.953120
20.410	1.953120
20.420	1.953120
20.430	1.953120
20.440	1.953120
20.450	1.953120
20.460	1.953120
20.470	1.953120
20.480	1.953120
20.490	1.953120
20.500	2.343750
20.510	2.343750
20.520	2.343750
20.530	2.343750
20.540	2.578120
20.550	2.968750
20.560	3.125000
20.570	3.125000
20.580	3.203120
20.590	3.515620
20.600	3.593750
20.610	3.593750
20.620	3.593750
20.630	3.593750
20.640	3.593750
20.650	3.593750
20.660	3.593750
20.670	3.593750
20.680	3.593750
20.690	3.593750
20.700	3.593750
20.710	3.593750
20.720	3.593750
20.730	3.593750
20.740	3.593750
20.750	3.593750
20.760	3.593750
20.770	3.593750
20.780	3.593750
20.790	3.593750
20.800	3.593750
20.810	3.593750
20.820	3.593750
20.830	3.593750
20.840	3.593750
20.850	3.593750
20.860	3.593750
20.870	3.593750
20.880	3.593750
20.890	3.593750
20.900	3.593750
20.910	3.593750
20.920	3.593750
20.930	3.593750
20.940	3.593750
20.950	3.593750
20.960	3.593750
20.970	3.593750
20.980	3.593750
20.990	3.593750
21.000	3.593750
21.010	3.593750
21.020	3.593750
21.030	3.593750
21.040	3.593750
21.050	3.593750
21.060	3.593750
21.070	3.593750
21.080	3.593750
21.090	3.593750
21.100	3.593750
21.110	3.593750
21.120	3.593750
21.130	3.593750
21.140	3.593750
21.150	3.593750
21.160	3.593750
21.170	3.593750
21.180	3.593750
21.190	3.593750
21.200	3.593750
21.210	3.593750
21.220	3.437500
21.230	3.281250
21.240	3.281250
21.250	3.281250
21.260	3.281250
21.270	3.281250
21.280	3.281250
21.290	3.281250
21.300	3.281250
21.310	3.281250
21.320	3.281250
21.330	2.968750
21.340	2.812500
21.350	2.578120
21.360	2.500000
21.370	2.500000
21.380	2.500000
21.390	2.500000
21.400	2.500000
21.410	2.500000
21.420	2.500000
21.430	2.500000
21.440	2.500000
21.450	2.500000
21.460	2.500000
21.470	2.500000
21.480	2.500000
21.490	2.500000
21.500	2.500000
21.510	2.500000
21.520	2.500000
21.530	2.500000
21.540	2.500000
21.550	2.500000
21.560	2.500000
21.570	2.500000
21.580	2.500000
21.590	2.500000
21.600	2.500000
21.610	2.500000
21.620	2.500000
21.630	2.500000
21.640	2.265620
21.650	2.031250
21.660	1.953120
21.670	1.953120
21.680	1.953120
21.690	1.953120
21.700	1.953120
21.710	1.953120
21.720	1.953120
21.730	1.953120
21.740	1.953120
21.750	1.953120
21.760	1.953120
21.770	1.953120
21.780	1.953120
21.790	1.640620
21.800	1.406250
21.810	1.406250
21.820	1.171880
21.830	0.937500
21.840	0.312500
21.850	0.234380
21.860	0.234380
21.870	0.234380
21.880	0.234380
21.890	0.234380
21.900	0.234380
21.910	0.234380
21.920	0.234380
21.930	0.234380
21.940	0.234380
21.950	0.234380
21.960	0.234380
21.970	0.234380
21.980	0.234380
21.990	0.234380
22.000	0.234380
22.010	0.234380
22.020	0.234380
22.030	0.234380
22.040	0.234380
22.050	0.234380
22.060	0.234380
22.070	0.234380
22.080	0.234380
22.090	0.234380
22.100	0.234380
22.110	0.234380
22.120	0.234380
22.130	0.234380
22.140	0.234380
22.150	0.234380
22.160	0.234380
22.170	0.234380
22.180	0.234380
22.190	0.234380
22.200	0.234380
22.210	0.234380
22.220	0.234380
22.230	0.234380
22.240	0.234380
22.250	0.234380
22.260	0.234380
22.270	0.234380
22.280	0.234380
22.290	0.234380
22.300	0.234380
22.310	0.234380
22.320	0.234380
22.330	0.234380
22.340	0.234380
22.350	0.234380
22.360	0.234380
22.370	0.234380
22.380	0.234380
22.390	0.234380
22.400	0.234380
22.410	0.234380
22.420	0.234380
22.430	0.234380
22.440	0.234380
22.450	0.234380
22.460	0.234380
22.470	0.234380
22.480	0.234380
22.490	0.234380
22.500	0.234380
22.510	0.234380
22.520	0.234380
22.530	0.234380
22.540	0.234380
22.550	0.234380
22.560	0.234380
22.570	0.234380
22.580	0.234380
22.590	0.234380
22.600	0.234380
22.610	0.234380
22.620	0.234380
22.630	0.234380
22.640	0.234380
22.650	0.234380
22.660	0.234380
22.670	0.234380
22.680	0.234380
22.690	0.234380
22.700	0.234380
22.710	0.234380
22.720	0.234380
22.730	0.234380
22.740	0.234380
22.750	0.234380
22.760	0.234380
22.770	0.234380
22.780	0.234380
22.790	0.234380
22.800	0.234380
22.810	0.234380
22.820	0.234380
22.830	0.234380
22.840	0.234380
22.850	0.234380
22.860	0.234380
22.870	0.234380
22.880	0.234380
22.890	0.234380
22.900	0.234380
22.910	0.234380
22.920	0.234380
22.930	0.234380
22.940	0.234380
22.950	0.234380
22.960	0.234380
22.970	0.234380
22.980	0.234380
22.990	0.468750
23.000	0.781250
23.010	0.859380
23.020	0.859380
23.030	0.859380
23.040	0.859380
23.050	0.859380
23.060	0.859380
23.070	0.937500
23.080	0.937500
23.090	0.937500
23.100	0.937500
23.110	0.937500
23.120	0.937500
23.130	0.937500
23.140	0.937500
23.150	0.937500
23.160	0.937500
23.170	0.937500
23.180	0.937500
23.190	0.937500
23.200	0.937500
23.210	0.937500
23.220	0.937500
23.230	0.937500
23.240	0.937500
23.250	0.937500
23.260	0.937500
23.270	1.093750
23.280	1.406250
23.290	1.640620
23.300	1.640620
23.310	1.640620
23.320	1.640620
23.330	1.640620
23.340	1.953120
23.350	1.953120
23.360	1.953120
23.370	1.953120
23.380	1.953120
23.390	1.953120
23.400	1.953120
23.410	1.953120
23.420	1.953120
23.430	1.953120
23.440	1.953120
23.450	1.953120
23.460	1.953120
23.470	1.953120
23.480	1.953120
23.490	1.953120
23.500	1.953120
23.510	1.953120
23.520	1.953120
23.530	1.953120
23.540	1.953120
23.550	1.953120
23.560	2.500000
23.570	2.578120
23.580	2.578120
23.590	2.578120
23.600	2.812500
23.610	2.968750
23.620	3.515620
23.630	3.515620
23.640	3.515620
23.650	3.515620
23.660	3.515620
23.670	3.515620
23.680	3.515620
23.690	3.515620
23.700	3.750000
23.710	4.062500
23.720	4.375000
23.730	4.375000
23.740	4.375000
23.750	4.375000
23.760	4.531250
23.770	4.921880
23.780	5.312500
23.790	5.546880
23.800	6.171880
23.810	6.328120
23.820	6.484380
23.830	6.640620
23.840	6.640620
23.850	6.640620
23.860	6.640620
23.870	6.640620
23.880	6.640620
23.890	6.640620
23.900	6.640620
23.910	6.640620
23.920	6.640620
23.930	6.640620
23.940	6.640620
23.950	6.640620
23.960	6.640620
23.970	6.640620
23.980	6.640620
23.990	6.640620
24.000	6.640620
24.010	6.640620
24.020	6.640620
24.030	6.640620
24.040	6.640620
24.050	6.640620
24.060	6.640620
24.070	6.640620
24.080	6.640620
24.090	6.640620
24.100	6.640620
24.110	6.640620
24.120	6.640620
24.130	6.640620
24.140	6.640620
24.150	6.640620
24.160	6.640620
24.170	6.640620
24.180	6.640620
24.190	6.640620
24.200	6.640620
24.210	6.640620
24.220	6.640620
24.230	6.640620
24.240	6.640620
24.250	6.640620
24.260	6.640620
24.270	6.640620
24.280	6.640620
24.290	6.640620
24.300	6.640620
24.310	6.640620
24.320	6.640620
24.330	6.640620
24.340	6.640620
24.350	6.640620
24.360	6.640620
24.370	6.640620
24.380	6.640620
24.390	6.640620
24.400	6.640620
24.410	6.640620
24.420	6.328120
24.430	6.093750
24.440	6.093750
24.450	6.093750
24.460	6.093750
24.470	6.093750
24.480	6.093750
24.490	6.093750
24.500	6.093750
24.510	6.093750
24.520	6.093750
24.530	6.093750
24.540	6.093750
24.550	6.093750
24.560	5.703120
24.570	5.546880
24.580	5.546880
24.590	5.546880
24.600	5.546880
24.610	5.390620
24.620	5.273440
24.630	5.273440
24.640	4.921880
24.650	4.765620
24.660	4.765620
24.670	4.765620
24.680	4.726560
24.690	4.570310
24.700	4.492190
24.710	4.492190
24.720	4.492190
24.730	4.492190
24.740	4.492190
24.750	4.453120
24.760	4.453120
24.770	4.453120
24.780	4.375000
24.790	4.218750
24.800	4.218750
24.810	4.218750
24.820	4.218750
24.830	4.218750
24.840	4.218750
24.850	4.218750
24.860	4.218750
24.870	4.218750
24.880	4.218750
24.890	4.218750
24.900	4.218750
24.910	4.218750
24.920	4.218750
24.930	4.218750
24.940	4.218750
24.950	4.218750
24.960	4.218750
24.970	4.218750
24.980	4.218750
24.990	4.218750
25.000	4.218750
25.010	4.218750
25.020	4.218750
25.030	4.218750
25.040	4.062500
25.050	4.023440
25.060	3.984380
25.070	3.789060
25.080	3.789060
25.090	3.789060
25.100	3.789060
25.110	3.710940
25.120	3.632810
25.130	3.281250
25.140	3.281250
25.150	3.281250
25.160	3.281250
25.170	3.281250
25.180	3.281250
25.190	3.281250
25.200	3.281250
25.210	3.281250
25.220	3.281250
25.230	3.281250
25.240	3.281250
25.250	3.281250
25.260	3.281250
25.270	3.281250
25.280	3.281250
25.290	3.281250
25.300	3.281250
25.310	3.281250
25.320	3.281250
25.330	3.281250
25.340	3.281250
25.350	3.281250
25.360	3.281250
25.370	3.281250
25.380	3.281250
25.390	3.281250
25.400	3.281250
25.410	3.281250
25.420	3.281250
25.430	3.281250
25.440	3.281250
25.450	3.281250
25.460	3.281250
25.470	3.281250
25.480	3.281250
25.490	3.281250
25.500	3.281250
25.510	3.281250
25.520	3.281250
25.530	3.281250
25.540	3.281250
25.550	3.281250
25.560	3.281250
25.570	3.281250
25.580	3.281250
25.590	3.281250
25.600	3.281250
25.610	3.281250
25.620	3.281250
25.630	3.281250
25.640	3.281250
25.650	3.281250
25.660	3.281250
25.670	3.281250
25.680	3.281250
25.690	3.281250
25.700	3.281250
25.710	3.281250
25.720	3.281250
25.730	3.281250
25.740	3.281250
25.750	3.281250
25.760	3.281250
25.770	3.281250
25.780	3.281250
25.790	3.281250
25.800	3.281250
25.810	3.281250
25.820	3.281250
25.830	3.281250
25.840	3.281250
25.850	3.281250
25.860	3.281250
25.870	3.281250
25.880	3.281250
25.890	3.281250
25.900	3.281250
25.910	3.281250
25.920	3.281250
25.930	3.281250
25.940	3.281250
25.950	3.281250
25.960	3.281250
25.970	3.281250
25.980	3.281250
25.990	3.281250
26.000	3.281250
26.010	3.281250
26.020	3.281250
26.030	3.281250
26.040	3.281250
26.050	3.281250
26.060	3.281250
26.070	3.281250
26.080	3.281250
26.090	3.281250
26.100	3.281250
26.110	3.281250
26.120	3.281250
26.130	3.281250
26.140	3.281250
26.150	3.281250
26.160	3.281250
26.170	3.281250
26.180	3.281250
26.190	3.281250
26.200	3.281250
26.210	3.320310
26.220	3.320310
26.230	3.320310
26.240	3.320310
26.250	3.359380
26.260	3.515620
26.270	3.515620
26.280	3.515620
26.290	3.515620
26.300	3.515620
26.310	3.515620
26.320	3.515620
26.330	3.671880
26.340	3.671880
26.350	3.671880
26.360	3.671880
26.370	3.671880
26.380	3.671880
26.390	3.671880
26.400	3.671880
26.410	3.671880
26.420	3.671880
26.430	3.671880
26.440	3.671880
26.450	3.671880
26.460	3.671880
26.470	3.671880
26.480	3.671880
26.490	3.671880
26.500	3.671880
26.510	3.671880
26.520	3.671880
26.530	3.671880
26.540	3.671880
26.550	3.671880
26.560	3.671880
26.570	3.671880
26.580	3.671880
26.590	3.671880
26.600	3.671880
26.610	3.789060
26.620	3.945310
26.630	4.101560
26.640	4.335940
26.650	4.335940
26.660	4.453120
26.670	4.570310
26.680	4.570310
26.690	4.570310
26.700	4.570310
26.710	4.570310
26.720	4.570310
26.730	4.570310
26.740	4.570310
26.750	4.570310
26.760	4.570310
26.770	4.570310
26.780	4.570310
26.790	4.570310
26.800	4.570310
26.810	4.570310
26.820	4.570310
26.830	4.570310
26.840	4.570310
26.850	4.570310
26.860	4.570310
26.870	4.570310
26.880	4.570310
26.890	4.570310
26.900	4.570310
26.910	4.570310
26.920	4.570310
26.930	4.570310
26.940	4.570310
26.950	4.570310
26.960	4.570310
26.970	4.570310
26.980	4.570310
26.990	4.570310
27.000	4.570310
27.010	4.648440
27.020	4.687500
27.030	4.882810
27.040	4.882810
27.050	5.156250
27.060	5.507810
27.070	5.664060
27.080	5.859380
27.090	5.898440
27.100	6.015620
27.110	6.093750
27.120	6.093750
27.130	6.093750
27.140	6.171880
27.150	6.484380
27.160	6.601560
27.170	6.718750
27.180	6.835940
27.190	6.835940
27.200	6.953120
27.210	6.992190
27.220	7.109380
27.230	7.343750
27.240	7.500000
27.250	7.500000
27.260	7.500000
27.270	7.500000
27.280	7.500000
27.290	7.500000
27.300	7.500000
27.310	7.500000
27.320	7.500000
27.330	7.500000
27.340	7.500000
27.350	7.500000
27.360	7.500000
27.370	7.500000
27.380	7.500000
27.390	7.500000
27.400	7.500000
27.410	7.500000
27.420	7.500000
27.430	7.500000
27.440	7.500000
27.450	7.656250
27.460	7.656250
27.470	7.929690
27.480	8.125000
27.490	8.164060
27.500	8.203120
27.510	8.203120
27.520	8.203120
27.530	8.203120
27.540	8.203120
27.550	8.203120
27.560	8.203120
27.570	8.203120
27.580	8.359380
27.590	8.398440
27.600	8.398440
27.610	8.398440
27.620	8.398440
27.630	8.398440
27.640	8.398440
27.650	8.398440
27.660	8.398440
27.670	8.398440
27.680	8.398440
27.690	8.398440
27.700	8.398440
27.710	8.398440
27.720	8.398440
27.730	8.398440
27.740	8.398440
27.750	8.398440
27.760	8.398440
27.770	8.398440
27.780	8.398440
27.790	8.398440
27.800	8.398440
27.810	8.398440
27.820	8.398440
27.830	8.398440
27.840	8.398440
27.850	8.398440
27.860	8.398440
27.870	8.398440
27.880	8.398440
27.890	8.398440
27.900	8.398440
27.910	8.398440
27.920	8.398440
27.930	8.398440
27.940	8.398440
27.950	8.398440
27.960	8.398440
27.970	8.398440
27.980	8.398440
27.990	8.398440
28.000	8.398440
28.010	8.398440
28.020	8.398440
28.030	8.398440
28.040	8.398440
28.050	8.398440
28.060	8.398440
28.070	8.398440
28.080	8.398440
28.090	8.398440
28.100	8.398440
28.110	8.398440
28.120	8.398440
28.130	8.398440
28.140	8.398440
28.150	8.398440
28.160	8.398440
28.170	8.398440
28.180	8.398440
28.190	8.398440
28.200	8.398440
28.210	8.398440
28.220	8.398440
28.230	8.398440
28.240	8.398440
28.250	8.398440
28.260	8.398440
28.270	8.398440
28.280	8.398440
28.290	8.398440
28.300	8.398440
28.310	8.398440
28.320	8.398440
28.330	8.398440
28.340	8.398440
28.350	8.398440
28.360	8.398440
28.370	8.398440
28.380	8.398440
28.390	8.398440
28.400	8.398440
28.410	8.398440
28.420	8.398440
28.430	8.398440
28.440	8.398440
28.450	8.398440
28.460	8.398440
28.470	8.398440
28.480	8.398440
28.490	8.398440
28.500	8.398440
28.510	8.398440
28.520	8.398440
28.530	8.398440
28.540	8.398440
28.550	8.398440
28.560	8.398440
28.570	8.398440
28.580	8.398440
28.590	8.398440
28.600	8.398440
28.610	8.398440
28.620	8.398440
28.630	8.398440
28.640	8.398440
28.650	8.398440
28.660	8.398440
28.670	8.398440
28.680	8.398440
28.690	8.398440
28.700	8.242190
28.710	8.242190
28.720	8.164060
28.730	7.968750
28.740	7.968750
28.750	7.968750
28.760	7.773440
28.770	7.656250
28.780	7.617190
28.790	7.617190
28.800	7.617190
28.810	7.617190
28.820	7.617190
28.830	7.617190
28.840	7.617190
28.850	7.617190
28.860	7.617190
28.870	7.617190
28.880	7.617190
28.890	7.617190
28.900	7.617190
28.910	7.617190
28.920	7.617190
28.930	7.617190
28.940	7.617190
28.950	7.617190
28.960	7.617190
28.970	7.617190
28.980	7.617190
28.990	7.617190
29.000	7.617190
29.010	7.617190
29.020	7.578120
29.030	7.265620
29.040	7.187500
29.050	7.187500
29.060	7.187500
29.070	7.187500
29.080	7.187500
29.090	6.953120
29.100	6.796880
29.110	6.718750
29.120	6.718750
29.130	6.718750
29.140	6.523440
29.150	6.445310
29.160	6.445310
29.170	6.445310
29.180	6.445310
29.190	6.406250
29.200	6.210940
29.210	6.054690
29.220	6.054690
29.230	6.054690
29.240	6.054690
29.250	6.054690
29.260	6.054690
29.270	6.054690
29.280	6.054690
29.290	6.054690
29.300	6.054690
29.310	6.054690
29.320	6.054690
29.330	6.054690
29.340	6.054690
29.350	6.054690
29.360	6.054690
29.370	6.054690
29.380	6.054690
29.390	6.054690
29.400	6.054690
29.410	6.054690
29.420	6.054690
29.430	5.820310
29.440	5.664060
29.450	5.585940
29.460	5.585940
29.470	5.585940
29.480	5.585940
29.490	5.585940
29.500	5.585940
29.510	5.585940
29.520	5.585940
29.530	5.585940
29.540	5.585940
29.550	5.585940
29.560	5.585940
29.570	5.585940
29.580	5.585940
29.590	5.585940
29.600	5.585940
29.610	5.585940
29.620	5.585940
29.630	5.585940
29.640	5.625000
29.650	5.625000
29.660	5.625000
29.670	5.625000
29.680	5.625000
29.690	5.625000
29.700	5.625000
29.710	5.625000
29.720	5.625000
29.730	5.625000
29.740	5.625000
29.750	5.625000
29.760	5.625000
29.770	5.625000
29.780	5.781250
29.790	6.015620
29.800	6.171880
29.810	6.171880
29.820	6.171880
29.830	6.171880
29.840	6.171880
29.850	6.171880
29.860	6.171880
29.870	6.171880
29.880	6.171880
29.890	6.171880
29.900	6.171880
29.910	6.171880
29.920	6.171880
29.930	6.171880
29.940	6.171880
29.950	6.171880
29.960	6.171880
29.970	6.171880
29.980	6.171880
29.990	6.171880
30.000	6.171880
30.010	6.171880
30.020	6.171880
30.030	6.171880
30.040	6.171880
30.050	6.171880
30.060	6.171880
30.070	6.171880
30.080	6.171880
30.090	6.171880
30.100	6.171880
30.110	6.171880
30.120	6.171880
30.130	6.171880
30.140	6.171880
30.150	6.171880
30.160	6.171880
30.170	6.171880
30.180	6.171880
30.190	6.171880
30.200	6.171880
30.210	6.171880
30.220	6.171880
30.230	6.171880
30.240	6.171880
30.250	6.171880
30.260	6.171880
30.270	6.171880
30.280	6.171880
30.290	6.171880
30.300	6.171880
30.310	6.171880
30.320	6.171880
30.330	6.171880
30.340	6.171880
30.350	6.171880
30.360	6.171880
30.370	6.171880
30.380	6.171880
30.390	6.171880
30.400	6.171880
30.410	6.171880
30.420	6.171880
30.430	6.171880
30.440	6.171880
30.450	6.171880
30.460	6.171880
30.470	6.171880
30.480	6.171880
30.490	6.171880
30.500	6.171880
30.510	6.171880
30.520	6.171880
30.530	6.171880
30.540	6.171880
30.550	6.171880
30.560	6.171880
30.570	6.171880
30.580	6.171880
30.590	6.171880
30.600	6.171880
30.610	6.171880
30.620	6.171880
30.630	6.171880
30.640	6.171880
30.650	6.171880
30.660	6.171880
30.670	6.171880
30.680	6.171880
30.690	6.171880
30.700	6.171880
30.710	6.171880
30.720	6.171880
30.730	6.171880
30.740	6.171880
30.750	6.171880
30.760	6.171880
30.770	6.171880
30.780	6.171880
30.790	6.171880
30.800	6.171880
30.810	6.171880
30.820	6.171880
30.830	6.171880
30.840	6.171880
30.850	6.171880
30.860	6.171880
30.870	6.171880
30.880	6.171880
30.890	6.171880
30.900	6.171880
30.910	6.171880
30.920	6.171880
30.930	6.171880
30.940	6.171880
30.950	6.171880
30.960	6.171880
30.970	6.171880
30.980	6.171880
30.990	6.171880
31.000	6.171880
31.010	6.171880
31.020	6.171880
31.030	6.171880
31.040	6.171880
31.050	6.171880
31.060	6.171880
31.070	6.171880
31.080	6.171880
31.090	6.171880
31.100	6.171880
31.110	6.171880
31.120	6.171880
31.130	6.171880
31.140	6.171880
31.150	6.171880
31.160	6.171880
31.170	6.171880
31.180	6.171880
31.190	6.171880
31.200	6.171880
31.210	6.171880
31.220	6.171880
31.230	6.171880
31.240	6.171880
31.250	6.171880
31.260	6.171880
31.270	6.171880
31.280	6.171880
31.290	6.171880
31.300	6.171880
31.310	6.171880
31.320	6.171880
31.330	6.171880
31.340	6.171880
31.350	6.171880
31.360	6.171880
31.370	6.171880
31.380	6.171880
31.390	6.171880
31.400	6.171880
31.410	6.171880
31.420	6.171880
31.430	6.171880
31.440	6.171880
31.450	6.171880
31.460	6.171880
31.470	6.171880
31.480	6.171880
31.490	6.171880
31.500	6.171880
31.510	6.171880
31.520	6.171880
31.530	6.171880
31.540	6.171880
31.550	6.171880
31.560	6.171880
31.570	6.171880
31.580	6.171880
31.590	6.171880
31.600	6.171880
31.610	6.171880
31.620	6.171880
31.630	6.171880
31.640	6.171880
31.650	6.171880
31.660	6.171880
31.670	6.171880
31.680	6.171880
31.690	6.171880
31.700	6.171880
31.710	6.171880
31.720	6.171880
31.730	6.171880
31.740	6.171880
31.750	6.171880
31.760	6.171880
31.770	6.171880
31.780	6.171880
31.790	6.171880
31.800	6.171880
31.810	6.171880
31.820	6.171880
31.830	6.171880
31.840	6.171880
31.850	6.171880
31.860	6.171880
31.870	6.171880
31.880	6.171880
31.890	6.171880
31.900	6.171880
31.910	6.171880
31.920	6.171880
31.930	6.171880
31.940	6.171880
31.950	6.171880
31.960	6.171880
31.970	6.171880
31.980	6.171880
31.990	6.171880
32.000	6.171880
32.010	6.171880
32.020	6.171880
32.030	6.171880
32.040	6.171880
32.050	6.171880
32.060	6.171880
32.070	6.171880
32.080	6.054690
32.090	5.957030
32.100	5.917970
32.110	5.917970
32.120	5.917970
32.130	5.839840
32.140	5.742190
32.150	5.585940
32.160	5.585940
32.170	5.488280
32.180	5.410160
32.190	5.253910
32.200	5.195310
32.210	5.156250
32.220	5.058590
32.230	5.058590
32.240	5.058590
32.250	5.058590
32.260	5.058590
32.270	4.980470
32.280	4.921880
32.290	4.863280
32.300	4.863280
32.310	4.785160
32.320	4.785160
32.330	4.785160
32.340	4.707030
32.350	4.707030
32.360	4.707030
32.370	4.707030
32.380	4.667970
32.390	4.667970
32.400	4.667970
32.410	4.667970
32.420	4.589840
32.430	4.433590
32.440	4.414060
32.450	4.375000
32.460	4.335940
32.470	4.238280
32.480	4.140620
32.490	3.964840
32.500	3.945310
32.510	3.886720
32.520	3.750000
32.530	3.750000
32.540	3.750000
32.550	3.750000
32.560	3.750000
32.570	3.750000
32.580	3.750000
32.590	3.750000
32.600	3.750000
32.610	3.750000
32.620	3.710940
32.630	3.535160
32.640	3.496090
32.650	3.437500
32.660	3.437500
32.670	3.437500
32.680	3.437500
32.690	3.398440
32.700	3.242190
32.710	3.203120
32.720	3.203120
32.730	3.203120
32.740	3.203120
32.750	3.203120
32.760	3.203120
32.770	3.203120
32.780	3.203120
32.790	3.203120
32.800	3.203120
32.810	3.203120
32.820	3.203120
32.830	3.203120
32.840	3.203120
32.850	3.203120
32.860	3.203120
32.870	3.203120
32.880	3.203120
32.890	3.203120
32.900	3.203120
32.910	3.203120
32.920	3.046880
32.930	2.988280
32.940	2.929690
32.950	2.871090
32.960	2.714840
32.970	2.714840
32.980	2.656250
32.990	2.636720
33.000	2.617190
33.010	2.617190
33.020	2.578120
33.030	2.578120
33.040	2.578120
33.050	2.578120
33.060	2.578120
33.070	2.578120
33.080	2.578120
33.090	2.578120
33.100	2.578120
33.110	2.578120
33.120	2.578120
33.130	2.578120
33.140	2.578120
33.150	2.578120
33.160	2.578120
33.170	2.578120
33.180	2.578120
33.190	2.578120
33.200	2.578120
33.210	2.578120
33.220	2.578120
33.230	2.578120
33.240	2.578120
33.250	2.578120
33.260	2.578120
33.270	2.578120
33.280	2.578120
33.290	2.578120
33.300	2.578120
33.310	2.578120
33.320	2.578120
33.330	2.578120
33.340	2.578120
33.350	2.578120
33.360	2.578120
33.370	2.578120
33.380	2.578120
33.390	2.578120
33.400	2.578120
33.410	2.578120
33.420	2.578120
33.430	2.578120
33.440	2.578120
33.450	2.578120
33.460	2.578120
33.470	2.578120
33.480	2.578120
33.490	2.578120
33.500	2.578120
33.510	2.578120
33.520	2.578120
33.530	2.578120
33.540	2.578120
33.550	2.578120
33.560	2.578120
33.570	2.460940
33.580	2.402340
33.590	2.363280
33.600	2.304690
33.610	2.246090
33.620	2.207030
33.630	2.128910
33.640	2.089840
33.650	2.089840
33.660	2.050780
33.670	2.050780
33.680	2.050780
33.690	2.050780
33.700	2.050780
33.710	2.050780
33.720	2.050780
33.730	2.050780
33.740	2.050780
33.750	2.050780
33.760	2.050780
33.770	2.050780
33.780	2.050780
33.790	2.050780
33.800	2.050780
33.810	2.050780
33.820	2.050780
33.830	2.050780
33.840	2.050780
33.850	2.050780
33.860	2.050780
33.870	1.914060
33.880	1.914060
33.890	1.914060
33.900	1.914060
33.910	1.914060
33.920	1.914060
33.930	1.914060
33.940	1.914060
33.950	1.914060
33.960	1.914060
33.970	1.914060
33.980	1.914060
33.990	1.914060
34.000	1.914060
34.010	1.914060
34.020	1.914060
34.030	1.914060
34.040	1.914060
34.050	1.914060
34.060	1.914060
34.070	1.914060
34.080	1.914060
34.090	1.914060
34.100	1.914060
34.110	1.914060
34.120	1.914060
34.130	1.914060
34.140	1.914060
34.150	1.914060
34.160	1.914060
34.170	1.914060
34.180	1.914060
34.190	1.914060
34.200	1.914060
34.210	1.914060
34.220	1.914060
34.230	1.914060
34.240	1.914060
34.250	1.914060
34.260	1.914060
34.270	1.855470
34.280	1.757810
34.290	1.679690
34.300	1.640620
34.310	1.640620
34.320	1.523440
34.330	1.386720
34.340	1.386720
34.350	1.386720
34.360	1.367190
34.370	1.289060
34.380	1.191410
34.390	1.191410
34.400	1.191410
34.410	1.171880
34.420	1.093750
34.430	0.996090
34.440	0.996090
34.450	0.996090
34.460	0.996090
34.470	0.996090
34.480	0.996090
34.490	0.996090
34.500	0.996090
34.510	0.996090
34.520	0.996090
34.530	0.996090
34.540	0.976560
34.550	0.957030
34.560	0.957030
34.570	0.957030
34.580	0.957030
34.590	0.957030
34.600	0.957030
34.610	0.957030
34.620	0.957030
34.630	0.957030
34.640	0.957030
34.650	0.957030
34.660	0.957030
34.670	0.957030
34.680	0.957030
34.690	0.957030
34.700	0.957030
34.710	0.957030
34.720	0.957030
34.730	0.957030
34.740	0.957030
34.750	0.957030
34.760	0.957030
34.770	0.957030
34.780	0.917970
34.790	0.898440
34.800	0.898440
34.810	0.859380
34.820	0.859380
34.830	0.859380
34.840	0.859380
34.850	0.839840
34.860	0.703120
34.870	0.566410
34.880	0.527340
34.890	0.527340
34.900	0.527340
34.910	0.527340
34.920	0.527340
34.930	0.527340
34.940	0.449220
34.950	0.332030
34.960	0.195310
34.970	0.058590
34.980	0.039060
34.990	0.039060
35.000	0.039060
35.010	0.039060
35.020	0.039060
35.030	0.039060
35.040	0.039060
35.050	0.039060
35.060	0.039060
35.070	0.039060
35.080	0.039060
35.090	0.039060
35.100	0.039060
35.110	0.039060
35.120	0.039060
35.130	0.039060
35.140	0.039060
35.150	0.039060
35.160	0.039060
35.170	0.039060
35.180	0.039060
35.190	0.039060
35.200	0.039060
35.210	0.039060
35.220	0.039060
35.230	0.039060
35.240	0.039060
35.250	0.039060
35.260	0.039060
35.270	0.039060
35.280	0.039060
35.290	0.039060
35.300	0.039060
35.310	0.039060
35.320	0.039060
35.330	0.039060
35.340	0.039060
35.350	0.039060
35.360	0.039060
35.370	0.039060
35.380	0.039060
35.390	0.039060
35.400	0.039060
35.410	0.039060
35.420	-0.039060
35.430	-0.097660
35.440	-0.195310
35.450	-0.234380
35.460	-0.253910
35.470	-0.253910
35.480	-0.253910
35.490	-0.253910
35.500	-0.253910
35.510	-0.253910
35.520	-0.253910
35.530	-0.253910
35.540	-0.253910
35.550	-0.253910
35.560	-0.253910
35.570	-0.253910
35.580	-0.253910
35.590	-0.253910
35.600	-0.253910
35.610	-0.253910
35.620	-0.253910
35.630	-0.253910
35.640	-0.253910
35.650	-0.253910
35.660	-0.253910
35.670	-0.253910
35.680	-0.253910
35.690	-0.253910
35.700	-0.253910
35.710	-0.253910
35.720	-0.253910
35.730	-0.253910
35.740	-0.253910
35.750	-0.253910
35.760	-0.253910
35.770	-0.253910
35.780	-0.253910
35.790	-0.253910
35.800	-0.253910
35.810	-0.253910
35.820	-0.253910
35.830	-0.253910
35.840	-0.253910
35.850	-0.253910
35.860	-0.253910
35.870	-0.253910
35.880	-0.253910
35.890	-0.253910
35.900	-0.253910
35.910	-0.253910
35.920	-0.253910
35.930	-0.253910
35.940	-0.253910
35.950	-0.253910
35.960	-0.253910
35.970	-0.253910
35.980	-0.253910
35.990	-0.253910
36.000	-0.253910
36.010	-0.253910
36.020	-0.253910
36.030	-0.253910
36.040	-0.253910
36.050	-0.253910
36.060	-0.253910
36.070	-0.253910
36.080	-0.253910
36.090	-0.253910
36.100	-0.253910
36.110	-0.253910
36.120	-0.253910
36.130	-0.253910
36.140	-0.253910
36.150	-0.253910
36.160	-0.253910
36.170	-0.253910
36.180	-0.253910
36.190	-0.253910
36.200	-0.253910
36.210	-0.253910
36.220	-0.253910
36.230	-0.253910
36.240	-0.253910
36.250	-0.253910
36.260	-0.253910
36.270	-0.253910
36.280	-0.253910
36.290	-0.253910
36.300	-0.253910
36.310	-0.253910
36.320	-0.253910
36.330	-0.195310
36.340	-0.156250
36.350	-0.156250
36.360	-0.156250
36.370	-0.156250
36.380	-0.117190
36.390	0.058590
36.400	0.136720
36.410	0.136720
36.420	0.156250
36.430	0.234380
36.440	0.234380
36.450	0.234380
36.460	0.234380
36.470	0.234380
36.480	0.234380
36.490	0.234380
36.500	0.234380
36.510	0.234380
36.520	0.234380
36.530	0.234380
36.540	0.234380
36.550	0.234380
36.560	0.234380
36.570	0.234380
36.580	0.234380
36.590	0.234380
36.600	0.273440
36.610	0.371090
36.620	0.371090
36.630	0.390620
36.640	0.488280
36.650	0.507810
36.660	0.566410
36.670	0.566410
36.680	0.566410
36.690	0.566410
36.700	0.566410
36.710	0.566410
36.720	0.566410
36.730	0.566410
36.740	0.566410
36.750	0.566410
36.760	0.566410
36.770	0.566410
36.780	0.566410
36.790	0.566410
36.800	0.566410
36.810	0.566410
36.820	0.566410
36.830	0.566410
36.840	0.566410
36.850	0.566410
36.860	0.566410
36.870	0.566410
36.880	0.566410
36.890	0.566410
36.900	0.566410
36.910	0.566410
36.920	0.566410
36.930	0.566410
36.940	0.566410
36.950	0.566410
36.960	0.585940
36.970	0.644530
36.980	0.742190
36.990	0.742190
37.000	0.742190
37.010	0.761720
37.020	0.878910
37.030	0.976560
37.040	1.035160
37.050	1.074220
37.060	1.152340
37.070	1.152340
37.080	1.152340
37.090	1.152340
37.100	1.152340
37.110	1.152340
37.120	1.152340
37.130	1.152340
37.140	1.152340
37.150	1.152340
37.160	1.152340
37.170	1.152340
37.180	1.152340
37.190	1.152340
37.200	1.152340
37.210	1.152340
37.220	1.152340
37.230	1.152340
37.240	1.152340
37.250	1.152340
37.260	1.152340
37.270	1.152340
37.280	1.152340
37.290	1.152340
37.300	1.152340
37.310	1.152340
37.320	1.152340
37.330	1.152340
37.340	1.152340
37.350	1.152340
37.360	1.152340
37.370	1.152340
37.380	1.152340
37.390	1.152340
37.400	1.152340
37.410	1.152340
37.420	1.152340
37.430	1.152340
37.440	1.152340
37.450	1.152340
37.460	1.152340
37.470	1.152340
37.480	1.152340
37.490	1.152340
37.500	1.152340
37.510	1.152340
37.520	1.152340
37.530	1.152340
37.540	1.152340
37.550	1.152340
37.560	1.152340
37.570	1.152340
37.580	1.152340
37.590	1.152340
37.600	1.152340
37.610	1.152340
37.620	1.152340
37.630	1.152340
37.640	1.152340
37.650	1.152340
37.660	1.152340
37.670	1.152340
37.680	1.152340
37.690	1.152340
37.700	1.152340
37.710	1.152340
37.720	1.152340
37.730	1.152340
37.740	1.152340
37.750	1.152340
37.760	1.152340
37.770	1.152340
37.780	1.152340
37.790	1.152340
37.800	1.152340
37.810	1.152340
37.820	1.152340
37.830	1.152340
37.840	1.152340
37.850	1.152340
37.860	1.152340
37.870	1.152340
37.880	1.152340
37.890	1.152340
37.900	1.152340
37.910	1.152340
37.920	1.152340
37.930	1.152340
37.940	1.152340
37.950	1.152340
37.960	1.152340
37.970	1.152340
37.980	1.152340
37.990	1.152340
38.000	1.152340
38.010	1.152340
38.020	1.152340
38.030	1.152340
38.040	1.152340
38.050	1.152340
38.060	1.152340
38.070	1.152340
38.080	1.152340
38.090	1.152340
38.100	1.152340
38.110	1.152340
38.120	1.152340
38.130	1.152340
38.140	1.152340
38.150	1.152340
38.160	1.152340
38.170	1.152340
38.180	1.152340
38.190	1.152340
38.200	1.152340
38.210	1.152340
38.220	1.152340
38.230	1.152340
38.240	1.152340
38.250	1.152340
38.260	1.152340
38.270	1.152340
38.280	1.152340
38.290	1.152340
38.300	1.152340
38.310	1.152340
38.320	1.152340
38.330	1.152340
38.340	1.152340
38.350	1.152340
38.360	1.152340
38.370	1.152340
38.380	1.152340
38.390	1.152340
38.400	1.152340
38.410	1.152340
38.420	1.152340
38.430	1.152340
38.440	1.152340
38.450	1.152340
38.460	1.152340
38.470	1.152340
38.480	1.152340
38.490	1.152340
38.500	1.152340
38.510	1.152340
38.520	1.152340
38.530	1.152340
38.540	1.171880
38.550	1.210940
38.560	1.210940
38.570	1.210940
38.580	1.210940
38.590	1.210940
38.600	1.210940
38.610	1.210940
38.620	1.210940
38.630	1.210940
38.640	1.210940
38.650	1.210940
38.660	1.210940
38.670	1.210940
38.680	1.210940
38.690	1.210940
38.700	1.210940
38.710	1.210940
38.720	1.210940
38.730	1.210940
38.740	1.210940
38.750	1.210940
38.760	1.210940
38.770	1.210940
38.780	1.210940
38.790	1.230470
38.800	1.250000
38.810	1.328120
38.820	1.328120
38.830	1.406250
38.840	1.464840
38.850	1.523440
38.860	1.523440
38.870	1.523440
38.880	1.523440
38.890	1.523440
38.900	1.523440
38.910	1.523440
38.920	1.523440
38.930	1.523440
38.940	1.523440
38.950	1.523440
38.960	1.523440
38.970	1.523440
38.980	1.523440
38.990	1.523440
39.000	1.523440
39.010	1.523440
39.020	1.523440
39.030	1.523440
39.040	1.523440
39.050	1.523440
39.060	1.523440
39.070	1.523440
39.080	1.523440
39.090	1.523440
39.100	1.523440
39.110	1.523440
39.120	1.523440
39.130	1.523440
39.140	1.523440
39.150	1.523440
39.160	1.523440
39.170	1.523440
39.180	1.523440
39.190	1.523440
39.200	1.523440
39.210	1.523440
39.220	1.523440
39.230	1.523440
39.240	1.523440
39.250	1.523440
39.260	1.523440
39.270	1.523440
39.280	1.523440
39.290	1.523440
39.300	1.523440
39.310	1.523440
39.320	1.523440
39.330	1.523440
39.340	1.523440
39.350	1.523440
39.360	1.523440
39.370	1.523440
39.380	1.523440
39.390	1.523440
39.400	1.523440
39.410	1.523440
39.420	1.523440
39.430	1.523440
39.440	1.523440
39.450	1.523440
39.460	1.523440
39.470	1.523440
39.480	1.523440
39.490	1.523440
39.500	1.523440
39.510	1.523440
39.520	1.523440
39.530	1.523440
39.540	1.523440
39.550	1.523440
39.560	1.523440
39.570	1.523440
39.580	1.523440
39.590	1.523440
39.600	1.523440
39.610	1.523440
39.620	1.523440
39.630	1.523440
39.640	1.523440
39.650	1.523440
39.660	1.523440
39.670	1.523440
39.680	1.523440
39.690	1.523440
39.700	1.523440
39.710	1.523440
39.720	1.523440
39.730	1.523440
39.740	1.523440
39.750	1.523440
39.760	1.523440
39.770	1.601560
39.780	1.660160
39.790	1.777340
39.800	1.875000
39.810	1.875000
39.820	1.875000
39.830	1.875000
39.840	1.875000
39.850	1.875000
39.860	1.894530
39.870	2.011720
39.880	2.011720
39.890	2.011720
39.900	2.011720
39.910	2.011720
39.920	2.011720
39.930	2.011720
39.940	2.011720
39.950	2.011720
39.960	2.011720
39.970	2.031250
39.980	2.031250
39.990	2.128910
40.000	2.128910
