# time_in_ns	dG_in_kT
0.000	0.000000
0.010	20.000000
0.020	20.000000
0.030	20.000000
0.040	20.000000
0.050	20.000000
0.060	50.000000
0.070	90.000000
0.080	90.000000
0.090	90.000000
0.100	90.000000
0.110	110.000000
0.120	140.000000
0.130	140.000000
0.140	150.000000
0.150	180.000000
0.160	180.000000
0.170	180.000000
0.180	180.000000
0.190	180.000000
0.200	180.000000
0.210	180.000000
0.220	180.000000
0.230	180.000000
0.240	180.000000
0.250	180.000000
0.260	180.000000
0.270	180.000000
0.280	180.000000
0.290	180.000000
0.300	180.000000
0.310	180.000000
0.320	180.000000
0.330	180.000000
0.340	180.000000
0.350	180.000000
0.360	180.000000
0.370	180.000000
0.380	180.000000
0.390	180.000000
0.400	180.000000
0.410	180.000000
0.420	180.000000
0.430	180.000000
0.440	180.000000
0.450	180.000000
0.460	180.000000
0.470	180.000000
0.480	180.000000
0.490	180.000000
0.500	180.000000
0.510	180.000000
0.520	180.000000
0.530	180.000000
0.540	180.000000
0.550	180.000000
0.560	180.000000
0.570	180.000000
0.580	180.000000
0.590	180.000000
0.600	180.000000
0.610	180.000000
0.620	180.000000
0.630	180.000000
0.640	180.000000
0.650	180.000000
0.660	180.000000
0.670	180.000000
0.680	180.000000
0.690	180.000000
0.700	180.000000
0.710	180.000000
0.720	180.000000
0.730	180.000000
0.740	180.000000
0.750	180.000000
0.760	180.000000
0.770	140.000000
0.780	140.000000
0.790	140.000000
0.800	140.000000
0.810	140.000000
0.820	140.000000
0.830	140.000000
0.840	140.000000
0.850	140.000000
0.860	80.000000
0.870	80.000000
0.880	80.000000
0.890	80.000000
0.900	80.000000
0.910	80.000000
0.920	80.000000
0.930	80.000000
0.940	80.000000
0.950	40.000000
0.960	10.000000
0.970	0.000000
0.980	-25.000000
0.990	-45.000000
1.000	-45.000000
1.010	-45.000000
1.020	-60.000000
1.030	-60.000000
1.040	-60.000000
1.050	-60.000000
1.060	-60.000000
1.070	-60.000000
1.080	-60.000000
1.090	-60.000000
1.100	-60.000000
1.110	-60.000000
1.120	-60.000000
1.130	-60.000000
1.140	-60.000000
1.150	-60.000000
1.160	-60.000000
1.170	-60.000000
1.180	-60.000000
1.190	-60.000000
1.200	-60.000000
1.210	-60.000000
1.220	-60.000000
1.230	-60.000000
1.240	-60.000000
1.250	-25.000000
1.260	-25.000000
1.270	-25.000000
1.280	-15.000000
1.290	0.000000
1.300	15.000000
1.310	15.000000
1.320	15.000000
1.330	15.000000
1.340	15.000000
1.350	15.000000
1.360	15.000000
1.370	15.000000
1.380	15.000000
1.390	15.000000
1.400	15.000000
1.410	15.000000
1.420	15.000000
1.430	15.000000
1.440	15.000000
1.450	15.000000
1.460	15.000000
1.470	15.000000
1.480	15.000000
1.490	15.000000
1.500	15.000000
1.510	15.000000
1.520	15.000000
1.530	15.000000
1.540	15.000000
1.550	15.000000
1.560	15.000000
1.570	15.000000
1.580	15.000000
1.590	15.000000
1.600	15.000000
1.610	15.000000
1.620	15.000000
1.630	15.000000
1.640	15.000000
1.650	15.000000
1.660	50.000000
1.670	50.000000
1.680	50.000000
1.690	50.000000
1.700	50.000000
1.710	50.000000
1.720	50.000000
1.730	50.000000
1.740	50.000000
1.750	50.000000
1.760	50.000000
1.770	50.000000
1.780	50.000000
1.790	50.000000
1.800	50.000000
1.810	50.000000
1.820	50.000000
1.830	50.000000
1.840	50.000000
1.850	20.000000
1.860	20.000000
1.870	20.000000
1.880	20.000000
1.890	15.000000
1.900	0.000000
1.910	0.000000
1.920	0.000000
1.930	0.000000
1.940	0.000000
1.950	0.000000
1.960	-20.000000
1.970	-45.000000
1.980	-75.000000
1.990	-75.000000
2.000	-75.000000
2.010	-75.000000
2.020	-100.000000
2.030	-115.000000
2.040	-115.000000
2.050	-115.000000
2.060	-115.000000
2.070	-115.000000
2.080	-115.000000
2.090	-115.000000
2.100	-115.000000
2.110	-115.000000
2.120	-115.000000
2.130	-115.000000
2.140	-115.000000
2.150	-115.000000
2.160	-115.000000
2.170	-115.000000
2.180	-115.000000
2.190	-115.000000
2.200	-115.000000
2.210	-115.000000
2.220	-115.000000
2.230	-115.000000
2.240	-115.000000
2.250	-115.000000
2.260	-115.000000
2.270	-115.000000
2.280	-115.000000
2.290	-115.000000
2.300	-115.000000
2.310	-115.000000
2.320	-115.000000
2.330	-115.000000
2.340	-115.000000
2.350	-115.000000
2.360	-115.000000
2.370	-115.000000
2.380	-115.000000
2.390	-115.000000
2.400	-110.000000
2.410	-85.000000
2.420	-70.000000
2.430	-60.000000
2.440	-50.000000
2.450	-30.000000
2.460	-30.000000
2.470	-10.000000
2.480	-10.000000
2.490	-10.000000
2.500	-10.000000
2.510	-10.000000
2.520	-10.000000
2.530	-10.000000
2.540	-10.000000
2.550	-10.000000
2.560	-10.000000
2.570	-10.000000
2.580	-10.000000
2.590	-10.000000
2.600	-10.000000
2.610	-10.000000
2.620	-10.000000
2.630	-10.000000
2.640	-10.000000
2.650	-10.000000
2.660	-10.000000
2.670	-10.000000
2.680	-10.000000
2.690	-10.000000
2.700	-10.000000
2.710	-10.000000
2.720	-10.000000
2.730	-10.000000
2.740	-10.000000
2.750	-10.000000
2.760	-10.000000
2.770	-10.000000
2.780	-10.000000
2.790	-10.000000
2.800	-10.000000
2.810	-10.000000
2.820	-10.000000
2.830	-10.000000
2.840	-10.000000
2.850	-10.000000
2.860	-10.000000
2.870	-10.000000
2.880	-10.000000
2.890	-10.000000
2.900	-10.000000
2.910	-10.000000
2.920	-10.000000
2.930	-10.000000
2.940	-10.000000
2.950	-10.000000
2.960	-10.000000
2.970	-10.000000
2.980	-10.000000
2.990	-10.000000
3.000	-10.000000
3.010	5.000000
3.020	5.000000
3.030	5.000000
3.040	5.000000
3.050	5.000000
3.060	17.500000
3.070	17.500000
3.080	17.500000
3.090	17.500000
3.100	17.500000
3.110	17.500000
3.120	17.500000
3.130	17.500000
3.140	17.500000
3.150	17.500000
3.160	17.500000
3.170	17.500000
3.180	17.500000
3.190	17.500000
3.200	17.500000
3.210	17.500000
3.220	17.500000
3.230	17.500000
3.240	17.500000
3.250	17.500000
3.260	17.500000
3.270	17.500000
3.280	17.500000
3.290	5.000000
3.300	0.000000
3.310	-17.500000
3.320	-17.500000
3.330	-17.500000
3.340	-17.500000
3.350	-17.500000
3.360	-17.500000
3.370	-17.500000
3.380	-17.500000
3.390	-17.500000
3.400	-17.500000
3.410	-17.500000
3.420	-17.500000
3.430	-17.500000
3.440	-17.500000
3.450	-17.500000
3.460	-17.500000
3.470	-17.500000
3.480	-17.500000
3.490	-17.500000
3.500	-17.500000
3.510	-17.500000
3.520	-17.500000
3.530	-17.500000
3.540	-17.500000
3.550	-17.500000
3.560	-17.500000
3.570	-7.500000
3.580	0.000000
3.590	10.000000
3.600	10.000000
3.610	10.000000
3.620	12.500000
3.630	30.000000
3.640	30.000000
3.650	30.000000
3.660	30.000000
3.670	30.000000
3.680	30.000000
3.690	30.000000
3.700	30.000000
3.710	30.000000
3.720	30.000000
3.730	30.000000
3.740	30.000000
3.750	30.000000
3.760	30.000000
3.770	30.000000
3.780	30.000000
3.790	30.000000
3.800	30.000000
3.810	30.000000
3.820	30.000000
3.830	30.000000
3.840	30.000000
3.850	30.000000
3.860	30.000000
3.870	30.000000
3.880	30.000000
3.890	30.000000
3.900	30.000000
3.910	30.000000
3.920	30.000000
3.930	30.000000
3.940	30.000000
3.950	30.000000
3.960	30.000000
3.970	30.000000
3.980	30.000000
3.990	30.000000
4.000	30.000000
4.010	30.000000
4.020	30.000000
4.030	30.000000
4.040	30.000000
4.050	30.000000
4.060	30.000000
4.070	30.000000
4.080	30.000000
4.090	30.000000
4.100	30.000000
4.110	30.000000
4.120	30.000000
4.130	30.000000
4.140	40.000000
4.150	47.500000
4.160	47.500000
4.170	47.500000
4.180	47.500000
4.190	47.500000
4.200	47.500000
4.210	47.500000
4.220	47.500000
4.230	52.500000
4.240	67.500000
4.250	67.500000
4.260	67.500000
4.270	67.500000
4.280	67.500000
4.290	67.500000
4.300	67.500000
4.310	67.500000
4.320	67.500000
4.330	67.500000
4.340	67.500000
4.350	67.500000
4.360	67.500000
4.370	67.500000
4.380	67.500000
4.390	67.500000
4.400	67.500000
4.410	67.500000
4.420	67.500000
4.430	67.500000
4.440	67.500000
4.450	67.500000
4.460	67.500000
4.470	57.500000
4.480	47.500000
4.490	47.500000
4.500	42.500000
4.510	42.500000
4.520	42.500000
4.530	42.500000
4.540	35.000000
4.550	35.000000
4.560	35.000000
4.570	35.000000
4.580	35.000000
4.590	35.000000
4.600	35.000000
4.610	35.000000
4.620	35.000000
4.630	35.000000
4.640	35.000000
4.650	35.000000
4.660	32.500000
4.670	20.000000
4.680	11.250000
4.690	10.000000
4.700	10.000000
4.710	10.000000
4.720	10.000000
4.730	10.000000
4.740	10.000000
4.750	10.000000
4.760	10.000000
4.770	10.000000
4.780	10.000000
4.790	10.000000
4.800	10.000000
4.810	10.000000
4.820	10.000000
4.830	10.000000
4.840	10.000000
4.850	10.000000
4.860	10.000000
4.870	10.000000
4.880	10.000000
4.890	10.000000
4.900	10.000000
4.910	10.000000
4.920	10.000000
4.930	6.250000
4.940	6.250000
4.950	6.250000
4.960	0.000000
4.970	-3.750000
4.980	-5.000000
4.990	-6.250000
5.000	-11.250000
5.010	-11.250000
5.020	-11.250000
5.030	-11.250000
5.040	-11.250000
5.050	-11.250000
5.060	-11.250000
5.070	-11.250000
5.080	-11.250000
5.090	-11.250000
5.100	-11.250000
5.110	-11.250000
5.120	-11.250000
5.130	-11.250000
5.140	-11.250000
5.150	-11.250000
5.160	-11.250000
5.170	-11.250000
5.180	-11.250000
5.190	-11.250000
5.200	-11.250000
5.210	-11.250000
5.220	-11.250000
5.230	-11.250000
5.240	-11.250000
5.250	-11.250000
5.260	-11.250000
5.270	-11.250000
5.280	-11.250000
5.290	-11.250000
5.300	-2.500000
5.310	0.000000
5.320	6.250000
5.330	8.750000
5.340	8.750000
5.350	8.750000
5.360	8.750000
5.370	8.750000
5.380	8.750000
5.390	8.750000
5.400	8.750000
5.410	8.750000
5.420	8.750000
5.430	8.750000
5.440	8.750000
5.450	8.750000
5.460	8.750000
5.470	8.750000
5.480	8.750000
5.490	8.750000
5.500	8.750000
5.510	8.750000
5.520	8.750000
5.530	8.750000
5.540	8.750000
5.550	8.750000
5.560	8.750000
5.570	8.750000
5.580	8.750000
5.590	8.750000
5.600	8.750000
5.610	8.750000
5.620	16.250000
5.630	16.250000
5.640	18.750000
5.650	18.750000
5.660	18.750000
5.670	26.250000
5.680	30.000000
5.690	30.000000
5.700	30.000000
5.710	30.000000
5.720	30.000000
5.730	30.000000
5.740	30.000000
5.750	30.000000
5.760	30.000000
5.770	30.000000
5.780	30.000000
5.790	30.000000
5.800	30.000000
5.810	30.000000
5.820	30.000000
5.830	22.500000
5.840	21.250000
5.850	21.250000
5.860	21.250000
5.870	16.250000
5.880	16.250000
5.890	16.250000
5.900	16.250000
5.910	16.250000
5.920	16.250000
5.930	16.250000
5.940	16.250000
5.950	16.250000
5.960	16.250000
5.970	16.250000
5.980	16.250000
5.990	16.250000
6.000	16.250000
6.010	16.250000
6.020	16.250000
6.030	13.750000
6.040	10.000000
6.050	5.000000
6.060	5.000000
6.070	5.000000
6.080	5.000000
6.090	5.000000
6.100	5.000000
6.110	0.000000
6.120	-2.500000
6.130	-11.250000
6.140	-11.250000
6.150	-11.250000
6.160	-11.250000
6.170	-11.250000
6.180	-11.250000
6.190	-11.250000
6.200	-11.250000
6.210	-11.250000
6.220	-11.250000
6.230	-11.250000
6.240	-11.250000
6.250	-11.250000
6.260	-11.250000
6.270	-11.250000
6.280	-11.250000
6.290	-11.250000
6.300	-11.250000
6.310	-11.250000
6.320	-11.250000
6.330	-11.250000
6.340	-11.250000
6.350	-11.250000
6.360	-11.250000
6.370	-11.250000
6.380	-11.250000
6.390	-11.250000
6.400	-11.250000
6.410	-11.250000
6.420	-11.250000
6.430	-11.250000
6.440	-11.250000
6.450	-11.250000
6.460	-11.250000
6.470	-11.250000
6.480	-11.250000
6.490	-11.250000
6.500	-11.250000
6.510	-17.500000
6.520	-18.750000
6.530	-18.750000
6.540	-18.750000
6.550	-18.750000
6.560	-18.750000
6.570	-18.750000
6.580	-18.750000
6.590	-18.750000
6.600	-18.750000
6.610	-18.750000
6.620	-18.750000
6.630	-18.750000
6.640	-18.750000
6.650	-18.750000
6.660	-18.750000
6.670	-13.750000
6.680	-13.750000
6.690	-13.750000
6.700	-13.750000
6.710	-8.750000
6.720	-5.000000
6.730	1.250000
6.740	1.250000
6.750	1.250000
6.760	1.250000
6.770	1.250000
6.780	1.250000
6.790	1.250000
6.800	1.250000
6.810	1.250000
6.820	1.250000
6.830	1.250000
6.840	1.250000
6.850	1.250000
6.860	1.250000
6.870	1.250000
6.880	1.250000
6.890	1.250000
6.900	1.250000
6.910	1.250000
6.920	1.250000
6.930	1.250000
6.940	1.250000
6.950	1.250000
6.960	1.250000
6.970	1.250000
6.980	1.250000
6.990	1.250000
7.000	1.250000
7.010	1.250000
7.020	1.250000
7.030	1.250000
7.040	1.250000
7.050	1.250000
7.060	1.250000
7.070	1.250000
7.080	-0.625000
7.090	-3.750000
7.100	-4.375000
7.110	-4.375000
7.120	-4.375000
7.130	-4.375000
7.140	-4.375000
7.150	-4.375000
7.160	-4.375000
7.170	-4.375000
7.180	-4.375000
7.190	-4.375000
7.200	-4.375000
7.210	-4.375000
7.220	-4.375000
7.230	-4.375000
7.240	-4.375000
7.250	-4.375000
7.260	-4.375000
7.270	-4.375000
7.280	-4.375000
7.290	-4.375000
7.300	-4.375000
7.310	-4.375000
7.320	-4.375000
7.330	-4.375000
7.340	-4.375000
7.350	-4.375000
7.360	-4.375000
7.370	-4.375000
7.380	-4.375000
7.390	-4.375000
7.400	-4.375000
7.410	-4.375000
7.420	-4.375000
7.430	-4.375000
7.440	-4.375000
7.450	-4.375000
7.460	-4.375000
7.470	-4.375000
7.480	-4.375000
7.490	-4.375000
7.500	-4.375000
7.510	-4.375000
7.520	-4.375000
7.530	-4.375000
7.540	-4.375000
7.550	-4.375000
7.560	-1.875000
7.570	1.250000
7.580	2.500000
7.590	3.750000
7.600	3.750000
7.610	3.750000
7.620	3.750000
7.630	3.750000
7.640	3.750000
7.650	3.750000
7.660	3.750000
7.670	3.750000
7.680	3.750000
7.690	3.750000
7.700	3.750000
7.710	3.750000
7.720	3.750000
7.730	3.750000
7.740	3.750000
7.750	3.750000
7.760	3.750000
7.770	3.750000
7.780	3.750000
7.790	3.750000
7.800	3.750000
7.810	3.750000
7.820	3.750000
7.830	3.750000
7.840	3.750000
7.850	3.750000
7.860	3.750000
7.870	3.750000
7.880	3.750000
7.890	3.750000
7.900	3.750000
7.910	3.750000
7.920	2.500000
7.930	-1.250000
7.940	-3.750000
7.950	-3.750000
7.960	-3.750000
7.970	-4.375000
7.980	-4.375000
7.990	-4.375000
8.000	-4.375000
8.010	-4.375000
8.020	-4.375000
8.030	-4.375000
8.040	-4.375000
8.050	-5.625000
8.060	-10.625000
8.070	-14.375000
8.080	-18.125000
8.090	-18.750000
8.100	-18.750000
8.110	-18.750000
8.120	-18.750000
8.130	-18.750000
8.140	-18.750000
8.150	-18.750000
8.160	-18.750000
8.170	-18.750000
8.180	-18.750000
8.190	-18.750000
8.200	-18.750000
8.210	-18.750000
8.220	-18.750000
8.230	-18.750000
8.240	-18.750000
8.250	-18.750000
8.260	-18.750000
8.270	-18.750000
8.280	-18.750000
8.290	-18.750000
8.300	-18.750000
8.310	-18.750000
8.320	-18.750000
8.330	-18.750000
8.340	-18.750000
8.350	-18.750000
8.360	-18.750000
8.370	-18.750000
8.380	-18.750000
8.390	-18.750000
8.400	-18.750000
8.410	-19.375000
8.420	-21.250000
8.430	-24.375000
8.440	-24.375000
8.450	-24.375000
8.460	-24.375000
8.470	-24.375000
8.480	-24.375000
8.490	-24.375000
8.500	-24.375000
8.510	-24.375000
8.520	-24.375000
8.530	-24.375000
8.540	-24.375000
8.550	-24.375000
8.560	-24.375000
8.570	-24.375000
8.580	-24.375000
8.590	-24.375000
8.600	-24.375000
8.610	-24.375000
8.620	-24.375000
8.630	-20.000000
8.640	-15.625000
8.650	-15.000000
8.660	-13.750000
8.670	-10.625000
8.680	-7.500000
8.690	-7.500000
8.700	-7.500000
8.710	-7.500000
8.720	-7.500000
8.730	-7.500000
8.740	-7.500000
8.750	-7.500000
8.760	-7.500000
8.770	-7.500000
8.780	-7.500000
8.790	-7.500000
8.800	-7.500000
8.810	-7.500000
8.820	-7.500000
8.830	-7.500000
8.840	-7.500000
8.850	-7.500000
8.860	-7.500000
8.870	-7.500000
8.880	-7.500000
8.890	-7.500000
8.900	-6.875000
8.910	-6.875000
8.920	-6.875000
8.930	-6.875000
8.940	-6.875000
8.950	-6.875000
8.960	-6.875000
8.970	-6.875000
8.980	-6.875000
8.990	-6.875000
9.000	-6.875000
9.010	-6.875000
9.020	-6.875000
9.030	-6.875000
9.040	-6.875000
9.050	-6.875000
9.060	-6.875000
9.070	-6.875000
9.080	-6.875000
9.090	-6.875000
9.100	-6.875000
9.110	-6.875000
9.120	-6.875000
9.130	-6.875000
9.140	-6.875000
9.150	-6.875000
9.160	-6.875000
9.170	-6.875000
9.180	-6.875000
9.190	-6.875000
9.200	-6.875000
9.210	-6.875000
9.220	-6.875000
9.230	-6.875000
9.240	-6.875000
9.250	-6.875000
9.260	-6.875000
9.270	-6.875000
9.280	-6.875000
9.290	-6.875000
9.300	-6.875000
9.310	-6.875000
9.320	-6.875000
9.330	-6.875000
9.340	-6.875000
9.350	-6.875000
9.360	-6.875000
9.370	-6.875000
9.380	-6.875000
9.390	-6.875000
9.400	-6.875000
9.410	-6.875000
9.420	-6.875000
9.430	-6.875000
9.440	-6.875000
9.450	-6.875000
9.460	-6.875000
9.470	-6.875000
9.480	-6.875000
9.490	-6.875000
9.500	-6.875000
9.510	-6.875000
9.520	-6.875000
9.530	-6.875000
9.540	-6.875000
9.550	-6.875000
9.560	-6.875000
9.570	-6.875000
9.580	-6.875000
9.590	-6.875000
9.600	-6.875000
9.610	-6.875000
9.620	-6.875000
9.630	-6.875000
9.640	-6.875000
9.650	-6.875000
9.660	-6.875000
9.670	-6.875000
9.680	-6.875000
9.690	-6.875000
9.700	-6.875000
9.710	-6.875000
9.720	-6.875000
9.730	-6.875000
9.740	-6.875000
9.750	-6.875000
9.760	-6.875000
9.770	-6.875000
9.780	-6.875000
9.790	-6.875000
9.800	-6.875000
9.810	-6.875000
9.820	-6.875000
9.830	-6.875000
9.840	-6.875000
9.850	-6.875000
9.860	-6.875000
9.870	-6.875000
9.880	-6.875000
9.890	-6.875000
9.900	-6.875000
9.910	-6.875000
9.920	-6.875000
9.930	-6.875000
9.940	-6.875000
9.950	-6.875000
9.960	-6.875000
9.970	-6.875000
9.980	-6.875000
9.990	-6.875000
10.000	-9.062500
10.010	-11.250000
10.020	-11.250000
10.030	-11.250000
10.040	-11.250000
10.050	-11.562500
10.060	-12.500000
10.070	-12.500000
10.080	-12.500000
10.090	-14.687500
10.100	-14.687500
10.110	-14.687500
10.120	-14.687500
10.130	-14.687500
10.140	-14.687500
10.150	-14.687500
10.160	-14.687500
10.170	-14.687500
10.180	-14.687500
10.190	-14.687500
10.200	-14.687500
10.210	-14.687500
10.220	-14.687500
10.230	-14.687500
10.240	-14.687500
10.250	-14.687500
10.260	-14.687500
10.270	-14.687500
10.280	-14.687500
10.290	-14.687500
10.300	-14.687500
10.310	-14.687500
10.320	-14.687500
10.330	-14.687500
10.340	-14.687500
10.350	-14.687500
10.360	-14.687500
10.370	-14.687500
10.380	-14.687500
10.390	-14.687500
10.400	-14.687500
10.410	-15.625000
10.420	-15.625000
10.430	-16.250000
10.440	-18.437500
10.450	-20.312500
10.460	-20.625000
10.470	-21.250000
10.480	-23.437500
10.490	-23.437500
10.500	-24.062500
10.510	-25.000000
10.520	-25.000000
10.530	-25.000000
10.540	-25.000000
10.550	-25.000000
10.560	-25.000000
10.570	-25.000000
10.580	-25.000000
10.590	-25.000000
10.600	-25.000000
10.610	-25.000000
10.620	-25.000000
10.630	-25.000000
10.640	-25.000000
10.650	-24.062500
10.660	-22.187500
10.670	-20.937500
10.680	-19.687500
10.690	-17.812500
10.700	-17.812500
10.710	-16.875000
10.720	-16.875000
10.730	-16.875000
10.740	-15.625000
10.750	-15.000000
10.760	-15.000000
10.770	-15.000000
10.780	-14.062500
10.790	-14.062500
10.800	-14.062500
10.810	-14.062500
10.820	-14.062500
10.830	-14.062500
10.840	-14.062500
10.850	-14.062500
10.860	-14.062500
10.870	-14.062500
10.880	-14.062500
10.890	-14.062500
10.900	-14.062500
10.910	-14.062500
10.920	-12.500000
10.930	-12.500000
10.940	-12.187500
10.950	-9.687500
10.960	-9.062500
10.970	-9.062500
10.980	-9.062500
10.990	-9.062500
11.000	-9.062500
11.010	-9.062500
11.020	-9.062500
11.030	-9.062500
11.040	-9.062500
11.050	-9.062500
11.060	-9.062500
11.070	-9.062500
11.080	-9.062500
11.090	-9.062500
11.100	-9.062500
11.110	-9.062500
11.120	-9.062500
11.130	-9.062500
11.140	-9.062500
11.150	-9.062500
11.160	-9.062500
11.170	-9.062500
11.180	-9.062500
11.190	-9.062500
11.200	-9.062500
11.210	-9.062500
11.220	-9.062500
11.230	-9.062500
11.240	-9.062500
11.250	-9.062500
11.260	-9.062500
11.270	-9.062500
11.280	-9.062500
11.290	-8.437500
11.300	-7.187500
11.310	-6.718750
11.320	-6.718750
11.330	-6.718750
11.340	-6.718750
11.350	-6.250000
11.360	-5.468750
11.370	-4.687500
11.380	-4.687500
11.390	-4.687500
11.400	-3.906250
11.410	-3.906250
11.420	-3.906250
11.430	-3.906250
11.440	-3.906250
11.450	-3.906250
11.460	-3.906250
11.470	-3.750000
11.480	-3.437500
11.490	-2.343750
11.500	-2.031250
11.510	-2.031250
11.520	-2.031250
11.530	-2.031250
11.540	-2.031250
11.550	-1.875000
11.560	-1.718750
11.570	-1.718750
11.580	-1.718750
11.590	-1.718750
11.600	-1.718750
11.610	-1.718750
11.620	-1.718750
11.630	-1.718750
11.640	-1.718750
11.650	-1.718750
11.660	-1.718750
11.670	-1.718750
11.680	-1.718750
11.690	-1.718750
11.700	-1.718750
11.710	-1.718750
11.720	-1.718750
11.730	-1.718750
11.740	-1.718750
11.750	-1.718750
11.760	-1.718750
11.770	-1.718750
11.780	-1.718750
11.790	-1.718750
11.800	-1.718750
11.810	-1.718750
11.820	-1.718750
11.830	-1.718750
11.840	-1.718750
11.850	-1.718750
11.860	-1.718750
11.870	-1.718750
11.880	-1.718750
11.890	-1.718750
11.900	-1.718750
11.910	-1.718750
11.920	-1.718750
11.930	-1.718750
11.940	-1.718750
11.950	-1.718750
11.960	-1.718750
11.970	-1.718750
11.980	-1.718750
11.990	-1.718750
12.000	-1.718750
12.010	-1.718750
12.020	-1.718750
12.030	-1.718750
12.040	-1.718750
12.050	-1.718750
12.060	-1.718750
12.070	-2.968750
12.080	-3.593750
12.090	-3.593750
12.100	-3.593750
12.110	-3.593750
12.120	-3.593750
12.130	-3.593750
12.140	-3.593750
12.150	-3.593750
12.160	-3.593750
12.170	-3.593750
12.180	-3.593750
12.190	-3.593750
12.200	-3.593750
12.210	-3.593750
12.220	-3.593750
12.230	-3.593750
12.240	-3.593750
12.250	-3.593750
12.260	-3.593750
12.270	-3.593750
12.280	-3.593750
12.290	-3.593750
12.300	-3.593750
12.310	-3.593750
12.320	-3.593750
12.330	-3.593750
12.340	-3.593750
12.350	-3.593750
12.360	-3.593750
12.370	-3.593750
12.380	-3.593750
12.390	-3.593750
12.400	-3.593750
12.410	-3.593750
12.420	-3.593750
12.430	-3.593750
12.440	-3.593750
12.450	-3.593750
12.460	-3.593750
12.470	-3.593750
12.480	-3.593750
12.490	-3.593750
12.500	-3.593750
12.510	-3.593750
12.520	-3.593750
12.530	-3.593750
12.540	-3.593750
12.550	-3.593750
12.560	-3.593750
12.570	-3.593750
12.580	-3.593750
12.590	-3.593750
12.600	-3.593750
12.610	-3.593750
12.620	-3.593750
12.630	-3.593750
12.640	-3.593750
12.650	-3.593750
12.660	-3.593750
12.670	-3.593750
12.680	-3.593750
12.690	-3.593750
12.700	-3.593750
12.710	-3.593750
12.720	-3.593750
12.730	-3.593750
12.740	-3.593750
12.750	-3.593750
12.760	-3.593750
12.770	-3.593750
12.780	-3.593750
12.790	-3.593750
12.800	-3.593750
12.810	-3.593750
12.820	-3.750000
12.830	-3.750000
12.840	-3.750000
12.850	-3.750000
12.860	-3.750000
12.870	-3.750000
12.880	-3.750000
12.890	-3.750000
12.900	-3.750000
12.910	-4.531250
12.920	-5.468750
12.930	-5.625000
12.940	-5.937500
12.950	-5.937500
12.960	-5.937500
12.970	-5.937500
12.980	-5.937500
12.990	-6.406250
13.000	-7.187500
13.010	-7.187500
13.020	-7.187500
13.030	-7.187500
13.040	-7.187500
13.050	-7.343750
13.060	-8.125000
13.070	-8.906250
13.080	-9.218750
13.090	-9.218750
13.100	-9.218750
13.110	-9.687500
13.120	-9.687500
13.130	-9.687500
13.140	-9.687500
13.150	-9.687500
13.160	-9.687500
13.170	-9.687500
13.180	-9.687500
13.190	-9.687500
13.200	-9.687500
13.210	-9.687500
13.220	-9.687500
13.230	-9.687500
13.240	-9.687500
13.250	-9.687500
13.260	-9.687500
13.270	-9.687500
13.280	-9.687500
13.290	-9.687500
13.300	-9.687500
13.310	-9.687500
13.320	-9.687500
13.330	-9.687500
13.340	-8.593750
13.350	-7.500000
13.360	-7.500000
13.370	-7.500000
13.380	-7.500000
13.390	-6.875000
13.400	-6.718750
13.410	-6.718750
13.420	-6.718750
13.430	-6.718750
13.440	-6.718750
13.450	-6.718750
13.460	-6.718750
13.470	-6.718750
13.480	-6.718750
13.490	-6.718750
13.500	-6.718750
13.510	-6.718750
13.520	-6.718750
13.530	-6.718750
13.540	-6.718750
13.550	-6.718750
13.560	-6.718750
13.570	-6.718750
13.580	-6.718750
13.590	-6.718750
13.600	-6.718750
13.610	-6.718750
13.620	-6.718750
13.630	-6.718750
13.640	-6.718750
13.650	-6.718750
13.660	-6.718750
13.670	-6.718750
13.680	-6.718750
13.690	-6.562500
13.700	-5.937500
13.710	-5.156250
13.720	-4.375000
13.730	-4.218750
13.740	-4.218750
13.750	-4.218750
13.760	-4.218750
13.770	-4.218750
13.780	-4.218750
13.790	-4.218750
13.800	-4.218750
13.810	-4.218750
13.820	-4.218750
13.830	-4.218750
13.840	-4.218750
13.850	-4.218750
13.860	-4.218750
13.870	-4.218750
13.880	-4.218750
13.890	-4.218750
13.900	-4.218750
13.910	-4.218750
13.920	-4.218750
13.930	-4.218750
13.940	-4.218750
13.950	-4.218750
13.960	-4.218750
13.970	-4.218750
13.980	-4.218750
13.990	-4.218750
14.000	-4.218750
14.010	-4.218750
14.020	-4.218750
14.030	-4.218750
14.040	-4.218750
14.050	-4.218750
14.060	-4.218750
14.070	-4.218750
14.080	-4.218750
14.090	-4.218750
14.100	-4.218750
14.110	-4.218750
14.120	-4.218750
14.130	-4.218750
14.140	-4.218750
14.150	-4.218750
14.160	-4.218750
14.170	-4.062500
14.180	-3.593750
14.190	-3.437500
14.200	-3.359380
14.210	-3.359380
14.220	-3.359380
14.230	-3.046880
14.240	-3.046880
14.250	-3.046880
14.260	-2.890620
14.270	-2.890620
14.280	-2.890620
14.290	-2.578120
14.300	-2.578120
14.310	-2.578120
14.320	-2.109380
14.330	-2.109380
14.340	-2.109380
14.350	-2.109380
14.360	-2.109380
14.370	-2.109380
14.380	-2.109380
14.390	-2.109380
14.400	-2.109380
14.410	-2.109380
14.420	-2.109380
14.430	-2.109380
14.440	-2.109380
14.450	-2.109380
14.460	-2.109380
14.470	-2.109380
14.480	-2.109380
14.490	-2.109380
14.500	-2.109380
14.510	-2.109380
14.520	-2.109380
14.530	-2.109380
14.540	-2.109380
14.550	-2.109380
14.560	-2.109380
14.570	-2.109380
14.580	-2.109380
14.590	-2.109380
14.600	-2.109380
14.610	-2.109380
14.620	-2.109380
14.630	-2.109380
14.640	-2.109380
14.650	-2.109380
14.660	-2.109380
14.670	-2.109380
14.680	-2.109380
14.690	-2.109380
14.700	-2.109380
14.710	-2.109380
14.720	-2.109380
14.730	-2.109380
14.740	-2.109380
14.750	-2.109380
14.760	-1.796880
14.770	-1.250000
14.780	-1.015620
14.790	-0.468750
14.800	-0.468750
14.810	-0.078120
14.820	-0.078120
14.830	-0.078120
14.840	-0.078120
14.850	-0.078120
14.860	-0.078120
14.870	-0.078120
14.880	-0.078120
14.890	-0.078120
14.900	-0.078120
14.910	-0.078120
14.920	-0.078120
14.930	-0.078120
14.940	-0.078120
14.950	0.078120
14.960	0.703120
14.970	0.859380
14.980	1.093750
14.990	1.484380
15.000	1.562500
15.010	1.562500
15.020	1.562500
15.030	1.562500
15.040	1.562500
15.050	1.562500
15.060	1.562500
15.070	1.562500
15.080	1.562500
15.090	1.562500
15.100	1.562500
15.110	1.562500
15.120	1.562500
15.130	1.562500
15.140	1.562500
15.150	1.562500
15.160	1.562500
15.170	1.562500
15.180	1.562500
15.190	1.562500
15.200	1.562500
15.210	1.562500
15.220	1.562500
15.230	1.562500
15.240	1.562500
15.250	1.562500
15.260	1.562500
15.270	1.562500
15.280	1.562500
15.290	1.562500
15.300	1.171880
15.310	1.015620
15.320	1.015620
15.330	0.781250
15.340	0.781250
15.350	0.781250
15.360	0.781250
15.370	0.781250
15.380	0.781250
15.390	0.781250
15.400	0.781250
15.410	0.781250
15.420	0.781250
15.430	0.781250
15.440	0.781250
15.450	0.781250
15.460	0.781250
15.470	0.781250
15.480	0.781250
15.490	0.781250
15.500	0.781250
15.510	0.781250
15.520	0.781250
15.530	0.781250
15.540	0.781250
15.550	0.781250
15.560	0.781250
15.570	0.781250
15.580	0.781250
15.590	0.781250
15.600	0.781250
15.610	0.781250
15.620	0.781250
15.630	0.781250
15.640	0.781250
15.650	0.781250
15.660	0.781250
15.670	0.781250
15.680	0.781250
15.690	0.781250
15.700	0.781250
15.710	0.781250
15.720	0.781250
15.730	0.781250
15.740	0.781250
15.750	0.781250
15.760	0.781250
15.770	0.781250
15.780	0.781250
15.790	0.781250
15.800	0.781250
15.810	0.781250
15.820	0.781250
15.830	0.781250
15.840	0.781250
15.850	0.781250
15.860	0.781250
15.870	0.781250
15.880	0.781250
15.890	0.781250
15.900	0.781250
15.910	0.781250
15.920	0.781250
15.930	0.781250
15.940	0.781250
15.950	0.781250
15.960	0.781250
15.970	0.781250
15.980	0.781250
15.990	0.781250
16.000	0.781250
16.010	0.781250
16.020	0.781250
16.030	0.781250
16.040	0.781250
16.050	0.781250
16.060	0.781250
16.070	0.781250
16.080	0.781250
16.090	0.781250
16.100	0.781250
16.110	0.781250
16.120	0.781250
16.130	0.781250
16.140	0.781250
16.150	0.781250
16.160	0.781250
16.170	0.781250
16.180	0.781250
16.190	0.781250
16.200	0.781250
16.210	0.781250
16.220	0.781250
16.230	0.781250
16.240	0.781250
16.250	0.781250
16.260	0.781250
16.270	0.781250
16.280	0.781250
16.290	0.781250
16.300	0.781250
16.310	0.781250
16.320	0.781250
16.330	0.781250
16.340	0.781250
16.350	0.781250
16.360	0.781250
16.370	0.781250
16.380	0.781250
16.390	0.781250
16.400	0.781250
16.410	0.781250
16.420	0.781250
16.430	0.781250
16.440	0.781250
16.450	0.781250
16.460	0.781250
16.470	0.781250
16.480	0.781250
16.490	0.781250
16.500	0.781250
16.510	0.468750
16.520	-0.078120
16.530	-0.078120
16.540	-0.390620
16.550	-0.546880
16.560	-0.546880
16.570	-0.781250
16.580	-1.015620
16.590	-1.406250
16.600	-1.406250
16.610	-1.718750
16.620	-1.718750
16.630	-1.718750
16.640	-1.718750
16.650	-1.718750
16.660	-1.718750
16.670	-1.718750
16.680	-1.718750
16.690	-1.718750
16.700	-1.718750
16.710	-1.718750
16.720	-1.718750
16.730	-1.718750
16.740	-1.718750
16.750	-1.718750
16.760	-1.718750
16.770	-1.718750
16.780	-1.718750
16.790	-1.718750
16.800	-1.718750
16.810	-1.718750
16.820	-1.718750
16.830	-1.718750
16.840	-1.718750
16.850	-1.718750
16.860	-1.718750
16.870	-1.718750
16.880	-1.718750
16.890	-1.718750
16.900	-1.718750
16.910	-1.718750
16.920	-1.718750
16.930	-1.718750
16.940	-1.718750
16.950	-1.718750
16.960	-1.718750
16.970	-1.718750
16.980	-1.718750
16.990	-1.718750
17.000	-1.718750
17.010	-1.718750
17.020	-1.718750
17.030	-1.718750
17.040	-1.718750
17.050	-1.718750
17.060	-1.718750
17.070	-1.718750
17.080	-1.718750
17.090	-1.718750
17.100	-1.718750
17.110	-1.718750
17.120	-1.718750
17.130	-1.718750
17.140	-1.718750
17.150	-1.718750
17.160	-1.718750
17.170	-1.718750
17.180	-1.718750
17.190	-1.718750
17.200	-1.718750
17.210	-1.718750
17.220	-1.718750
17.230	-1.718750
17.240	-1.718750
17.250	-1.718750
17.260	-1.718750
17.270	-1.718750
17.280	-1.718750
17.290	-1.718750
17.300	-1.718750
17.310	-1.718750
17.320	-1.718750
17.330	-1.718750
17.340	-1.718750
17.350	-1.718750
17.360	-1.718750
17.370	-1.718750
17.380	-1.718750
17.390	-1.718750
17.400	-1.718750
17.410	-1.718750
17.420	-1.718750
17.430	-1.718750
17.440	-1.718750
17.450	-1.718750
17.460	-1.718750
17.470	-1.718750
17.480	-1.718750
17.490	-1.718750
17.500	-1.718750
17.510	-1.640620
17.520	-1.640620
17.530	-1.640620
17.540	-1.640620
17.550	-1.093750
17.560	-0.781250
17.570	-0.546880
17.580	-0.468750
17.590	-0.468750
17.600	-0.468750
17.610	-0.468750
17.620	-0.468750
17.630	-0.468750
17.640	-0.468750
17.650	-0.468750
17.660	-0.468750
17.670	-0.468750
17.680	-0.468750
17.690	-0.468750
17.700	-0.468750
17.710	-0.468750
17.720	-0.468750
17.730	-0.468750
17.740	-0.468750
17.750	-0.468750
17.760	-0.468750
17.770	-0.468750
17.780	-0.468750
17.790	-0.468750
17.800	-0.468750
17.810	-0.468750
17.820	-0.468750
17.830	-0.468750
17.840	-0.468750
17.850	-0.468750
17.860	-0.468750
17.870	-0.468750
17.880	-0.468750
17.890	-0.468750
17.900	-0.468750
17.910	-0.468750
17.920	-0.468750
17.930	-0.468750
17.940	-0.468750
17.950	-0.468750
17.960	-0.468750
17.970	-0.468750
17.980	-0.468750
17.990	-0.468750
18.000	-0.468750
18.010	-0.468750
18.020	-0.468750
18.030	-0.468750
18.040	-0.468750
18.050	-0.468750
18.060	-0.468750
18.070	-0.468750
18.080	-0.468750
18.090	-0.468750
18.100	-0.468750
18.110	-0.468750
18.120	-0.468750
18.130	-0.468750
18.140	-0.468750
18.150	-0.468750
18.160	-0.468750
18.170	-0.468750
18.180	-0.468750
18.190	-0.468750
18.200	-0.468750
18.210	-0.468750
18.220	-0.468750
18.230	-0.468750
18.240	-0.468750
18.250	-0.468750
18.260	-0.468750
18.270	-0.468750
18.280	-0.468750
18.290	-0.468750
18.300	-0.468750
18.310	-0.468750
18.320	-0.468750
18.330	-0.468750
18.340	-0.468750
18.350	-0.468750
18.360	-0.468750
18.370	-0.468750
18.380	-0.468750
18.390	-0.468750
18.400	-0.468750
18.410	-0.625000
18.420	-0.859380
18.430	-0.937500
18.440	-1.093750
18.450	-1.640620
18.460	-1.640620
18.470	-1.640620
18.480	-1.953120
18.490	-2.343750
18.500	-2.500000
18.510	-2.968750
18.520	-3.281250
18.530	-3.281250
18.540	-3.281250
18.550	-3.281250
18.560	-3.281250
18.570	-3.281250
18.580	-3.281250
18.590	-3.281250
18.600	-3.281250
18.610	-3.515620
18.620	-3.828120
18.630	-3.828120
18.640	-3.828120
18.650	-3.828120
18.660	-3.828120
18.670	-3.828120
18.680	-3.828120
18.690	-3.828120
18.700	-3.828120
18.710	-3.828120
18.720	-3.828120
18.730	-3.828120
18.740	-3.828120
18.750	-3.828120
18.760	-3.828120
18.770	-3.828120
18.780	-3.828120
18.790	-3.828120
18.800	-3.828120
18.810	-3.828120
18.820	-3.828120
18.830	-3.828120
18.840	-3.828120
18.850	-3.828120
18.860	-3.828120
18.870	-3.828120
18.880	-3.828120
18.890	-3.828120
18.900	-3.828120
18.910	-3.828120
18.920	-3.828120
18.930	-3.750000
18.940	-3.281250
18.950	-3.125000
18.960	-2.890620
18.970	-2.890620
18.980	-2.812500
18.990	-2.812500
19.000	-2.812500
19.010	-2.812500
19.020	-2.812500
19.030	-2.812500
19.040	-2.812500
19.050	-2.812500
19.060	-2.812500
19.070	-2.812500
19.080	-2.812500
19.090	-2.812500
19.100	-2.656250
19.110	-2.343750
19.120	-2.343750
19.130	-1.718750
19.140	-1.171880
19.150	-0.703120
19.160	-0.546880
19.170	-0.390620
19.180	-0.390620
19.190	-0.390620
19.200	-0.390620
19.210	-0.390620
19.220	0.000000
19.230	0.625000
19.240	0.937500
19.250	0.937500
19.260	1.171880
19.270	1.718750
19.280	2.187500
19.290	2.265620
19.300	2.265620
19.310	2.265620
19.320	2.265620
19.330	2.265620
19.340	2.578120
19.350	2.968750
19.360	2.968750
19.370	2.968750
19.380	2.968750
19.390	2.968750
19.400	2.968750
19.410	2.968750
19.420	2.968750
19.430	2.968750
19.440	2.968750
19.450	2.968750
19.460	2.968750
19.470	2.968750
19.480	2.968750
19.490	2.968750
19.500	2.968750
19.510	3.281250
19.520	3.515620
19.530	3.593750
19.540	3.593750
19.550	3.593750
19.560	3.593750
19.570	3.593750
19.580	3.593750
19.590	3.593750
19.600	3.593750
19.610	3.593750
19.620	3.593750
19.630	3.593750
19.640	3.593750
19.650	3.593750
19.660	3.593750
19.670	3.593750
19.680	3.593750
19.690	3.593750
19.700	3.593750
19.710	3.593750
19.720	3.593750
19.730	3.593750
19.740	3.593750
19.750	3.593750
19.760	3.593750
19.770	3.593750
19.780	3.593750
19.790	3.593750
19.800	3.593750
19.810	3.593750
19.820	3.593750
19.830	3.593750
19.840	3.593750
19.850	3.593750
19.860	3.593750
19.870	3.593750
19.880	3.593750
19.890	3.593750
19.900	3.593750
19.910	3.593750
19.920	3.593750
19.930	3.593750
19.940	3.593750
19.950	3.593750
19.960	3.593750
19.970	3.593750
19.980	3.593750
19.990	3.593750
20.000	3.593750
20.010	3.593750
20.020	3.593750
20.030	3.593750
20.040	3.671880
20.050	3.828120
20.060	3.906250
20.070	3.906250
20.080	3.906250
20.090	3.906250
20.100	3.906250
20.110	3.906250
20.120	3.906250
20.130	3.906250
20.140	3.906250
20.150	3.906250
20.160	3.906250
20.170	3.906250
20.180	3.906250
20.190	3.906250
20.200	3.906250
20.210	3.906250
20.220	3.906250
20.230	3.906250
20.240	3.906250
20.250	3.906250
20.260	3.906250
20.270	3.906250
20.280	3.906250
20.290	3.906250
20.300	3.906250
20.310	3.906250
20.320	4.296880
20.330	4.375000
20.340	4.609380
20.350	4.687500
20.360	4.687500
20.370	5.078120
20.380	5.546880
20.390	5.625000
20.400	5.859380
20.410	6.015620
20.420	6.015620
20.430	6.015620
20.440	6.015620
20.450	6.015620
20.460	6.015620
20.470	6.093750
20.480	6.328120
20.490	6.718750
20.500	6.953120
20.510	6.953120
20.520	6.953120
20.530	6.953120
20.540	6.953120
20.550	6.953120
20.560	6.953120
20.570	7.343750
20.580	7.343750
20.590	7.421880
20.600	7.421880
20.610	7.421880
20.620	7.421880
20.630	7.421880
20.640	7.421880
20.650	7.421880
20.660	7.421880
20.670	7.421880
20.680	7.421880
20.690	7.421880
20.700	7.421880
20.710	7.421880
20.720	7.421880
20.730	7.421880
20.740	7.421880
20.750	7.421880
20.760	7.500000
20.770	7.812500
20.780	8.203120
20.790	8.281250
20.800	8.281250
20.810	8.281250
20.820	8.281250
20.830	8.281250
20.840	8.281250
20.850	8.281250
20.860	8.281250
20.870	8.281250
20.880	8.281250
20.890	8.281250
20.900	8.281250
20.910	8.281250
20.920	8.281250
20.930	8.281250
20.940	8.281250
20.950	8.281250
20.960	8.281250
20.970	8.281250
20.980	8.281250
20.990	8.281250
21.000	8.281250
21.010	8.281250
21.020	8.281250
21.030	8.281250
21.040	8.281250
21.050	8.281250
21.060	8.281250
21.070	8.281250
21.080	8.281250
21.090	8.281250
21.100	8.515620
21.110	8.750000
21.120	9.296880
21.130	9.375000
21.140	9.375000
21.150	9.375000
21.160	9.375000
21.170	9.375000
21.180	9.375000
21.190	9.375000
21.200	9.375000
21.210	9.453120
21.220	9.453120
21.230	9.453120
21.240	9.453120
21.250	9.453120
21.260	9.453120
21.270	9.453120
21.280	9.453120
21.290	9.453120
21.300	9.453120
21.310	9.453120
21.320	9.453120
21.330	9.453120
21.340	9.453120
21.350	9.453120
21.360	9.453120
21.370	9.453120
21.380	9.453120
21.390	9.453120
21.400	9.453120
21.410	9.453120
21.420	9.453120
21.430	9.453120
21.440	9.453120
21.450	9.453120
21.460	9.453120
21.470	9.453120
21.480	9.453120
21.490	9.453120
21.500	9.453120
21.510	9.453120
21.520	9.453120
21.530	9.453120
21.540	9.453120
21.550	9.453120
21.560	9.453120
21.570	9.453120
21.580	9.453120
21.590	9.453120
21.600	9.375000
21.610	9.375000
21.620	9.375000
21.630	9.375000
21.640	9.375000
21.650	9.375000
21.660	9.375000
21.670	9.375000
21.680	9.375000
21.690	9.375000
21.700	9.375000
21.710	9.375000
21.720	9.375000
21.730	9.375000
21.740	9.375000
21.750	9.375000
21.760	9.375000
21.770	9.375000
21.780	9.375000
21.790	9.375000
21.800	9.375000
21.810	9.375000
21.820	9.375000
21.830	9.375000
21.840	9.375000
21.850	9.375000
21.860	9.375000
21.870	9.375000
21.880	9.375000
21.890	9.375000
21.900	9.375000
21.910	9.375000
21.920	9.375000
21.930	9.375000
21.940	9.375000
21.950	9.375000
21.960	9.375000
21.970	9.375000
21.980	9.375000
21.990	9.375000
22.000	9.375000
22.010	9.375000
22.020	9.375000
22.030	9.375000
22.040	9.375000
22.050	9.375000
22.060	9.375000
22.070	9.375000
22.080	9.375000
22.090	9.375000
22.100	9.375000
22.110	9.375000
22.120	9.375000
22.130	9.375000
22.140	9.375000
22.150	9.375000
22.160	9.375000
22.170	9.375000
22.180	9.375000
22.190	9.375000
22.200	9.375000
22.210	9.375000
22.220	9.375000
22.230	9.375000
22.240	9.375000
22.250	9.375000
22.260	9.375000
22.270	9.140620
22.280	9.140620
22.290	9.140620
22.300	9.140620
22.310	9.140620
22.320	9.140620
22.330	9.140620
22.340	9.140620
22.350	9.140620
22.360	9.140620
22.370	9.140620
22.380	9.140620
22.390	9.140620
22.400	9.140620
22.410	9.140620
22.420	9.140620
22.430	9.140620
22.440	9.140620
22.450	9.140620
22.460	9.140620
22.470	9.140620
22.480	9.140620
22.490	9.140620
22.500	9.140620
22.510	9.140620
22.520	9.140620
22.530	9.140620
22.540	9.140620
22.550	9.140620
22.560	9.140620
22.570	9.140620
22.580	9.140620
22.590	9.140620
22.600	8.671880
22.610	8.515620
22.620	8.515620
22.630	8.515620
22.640	8.437500
22.650	7.890620
22.660	7.812500
22.670	7.187500
22.680	6.562500
22.690	6.406250
22.700	6.015620
22.710	5.546880
22.720	5.546880
22.730	5.546880
22.740	5.468750
22.750	5.468750
22.760	5.468750
22.770	5.468750
22.780	5.468750
22.790	5.468750
22.800	5.390620
22.810	5.078120
22.820	5.078120
22.830	5.078120
22.840	5.078120
22.850	5.078120
22.860	5.078120
22.870	5.078120
22.880	5.078120
22.890	5.078120
22.900	5.078120
22.910	5.078120
22.920	5.078120
22.930	5.078120
22.940	5.078120
22.950	5.078120
22.960	5.078120
22.970	5.078120
22.980	5.078120
22.990	5.078120
23.000	5.078120
23.010	5.078120
23.020	5.078120
23.030	5.078120
23.040	5.078120
23.050	5.078120
23.060	5.078120
23.070	5.078120
23.080	5.078120
23.090	5.078120
23.100	5.078120
23.110	5.078120
23.120	5.078120
23.130	5.078120
23.140	5.078120
23.150	5.078120
23.160	5.078120
23.170	5.078120
23.180	5.078120
23.190	5.078120
23.200	5.078120
23.210	5.078120
23.220	5.078120
23.230	5.078120
23.240	5.078120
23.250	5.078120
23.260	5.078120
23.270	5.078120
23.280	5.078120
23.290	5.078120
23.300	5.078120
23.310	5.078120
23.320	5.078120
23.330	5.234380
23.340	5.234380
23.350	5.234380
23.360	5.234380
23.370	5.234380
23.380	5.234380
23.390	5.234380
23.400	5.234380
23.410	5.234380
23.420	5.234380
23.430	5.234380
23.440	5.234380
23.450	5.234380
23.460	5.234380
23.470	5.234380
23.480	5.234380
23.490	5.234380
23.500	5.234380
23.510	5.234380
23.520	5.234380
23.530	5.234380
23.540	5.234380
23.550	5.234380
23.560	5.234380
23.570	5.234380
23.580	5.234380
23.590	5.234380
23.600	5.234380
23.610	5.234380
23.620	5.234380
23.630	5.234380
23.640	5.234380
23.650	5.234380
23.660	5.234380
23.670	5.234380
23.680	5.234380
23.690	5.234380
23.700	5.234380
23.710	5.234380
23.720	5.234380
23.730	5.234380
23.740	5.234380
23.750	5.234380
23.760	5.234380
23.770	5.234380
23.780	5.234380
23.790	5.234380
23.800	5.234380
23.810	5.234380
23.820	5.234380
23.830	5.234380
23.840	5.234380
23.850	5.234380
23.860	5.234380
23.870	5.234380
23.880	5.234380
23.890	5.234380
23.900	5.234380
23.910	5.234380
23.920	5.234380
23.930	5.234380
23.940	5.234380
23.950	5.234380
23.960	5.234380
23.970	5.234380
23.980	5.234380
23.990	5.234380
24.000	5.234380
24.010	5.234380
24.020	5.234380
24.030	5.234380
24.040	5.234380
24.050	5.234380
24.060	5.156250
24.070	5.156250
24.080	5.078120
24.090	4.531250
24.100	4.375000
24.110	4.140620
24.120	4.140620
24.130	4.140620
24.140	4.140620
24.150	4.140620
24.160	4.140620
24.170	4.140620
24.180	4.140620
24.190	4.140620
24.200	4.140620
24.210	4.140620
24.220	4.140620
24.230	4.140620
24.240	4.140620
24.250	4.140620
24.260	4.140620
24.270	4.140620
24.280	4.140620
24.290	4.140620
24.300	4.062500
24.310	4.062500
24.320	3.750000
24.330	3.359380
24.340	3.359380
24.350	3.359380
24.360	2.734380
24.370	2.421880
24.380	2.421880
24.390	2.187500
24.400	2.187500
24.410	2.031250
24.420	2.031250
24.430	1.875000
24.440	1.171880
24.450	0.781250
24.460	0.390620
24.470	0.390620
24.480	0.312500
24.490	-0.390620
24.500	-0.781250
24.510	-0.781250
24.520	-0.781250
24.530	-0.781250
24.540	-0.781250
24.550	-0.781250
24.560	-0.781250
24.570	-0.781250
24.580	-0.781250
24.590	-0.781250
24.600	-0.781250
24.610	-0.781250
24.620	-0.781250
24.630	-0.781250
24.640	-0.781250
24.650	-0.781250
24.660	-0.781250
24.670	-0.781250
24.680	-0.781250
24.690	-0.781250
24.700	-0.781250
24.710	-0.781250
24.720	-0.781250
24.730	-0.781250
24.740	-0.781250
24.750	-0.781250
24.760	-0.781250
24.770	-0.781250
24.780	-0.781250
24.790	-0.781250
24.800	-0.781250
24.810	-0.781250
24.820	-0.781250
24.830	-0.781250
24.840	-0.781250
24.850	-0.781250
24.860	-0.781250
24.870	-0.781250
24.880	-0.781250
24.890	-0.781250
24.900	-0.781250
24.910	-0.781250
24.920	-0.781250
24.930	-0.781250
24.940	-0.781250
24.950	-0.781250
24.960	-0.781250
24.970	-0.781250
24.980	-0.781250
24.990	-0.781250
25.000	-0.781250
25.010	-0.781250
25.020	-0.781250
25.030	-0.781250
25.040	-0.781250
25.050	-0.781250
25.060	-0.781250
25.070	-0.781250
25.080	-0.781250
25.090	-0.781250
25.100	-0.781250
25.110	-0.781250
25.120	-0.781250
25.130	-0.781250
25.140	-0.781250
25.150	-0.781250
25.160	-0.781250
25.170	-0.781250
25.180	-0.781250
25.190	-0.781250
25.200	-0.781250
25.210	-0.781250
25.220	-0.781250
25.230	-0.781250
25.240	-0.781250
25.250	-0.781250
25.260	-0.781250
25.270	-0.781250
25.280	-0.781250
25.290	-0.781250
25.300	-0.781250
25.310	-0.781250
25.320	-0.781250
25.330	-0.781250
25.340	-0.781250
25.350	-0.781250
25.360	-0.781250
25.370	-0.781250
25.380	-0.781250
25.390	-0.781250
25.400	-0.781250
25.410	-0.781250
25.420	-0.781250
25.430	-0.781250
25.440	-0.781250
25.450	-0.781250
25.460	-0.781250
25.470	-0.781250
25.480	-0.781250
25.490	-0.781250
25.500	-0.625000
25.510	-0.468750
25.520	-0.117190
25.530	0.078120
25.540	0.429690
25.550	0.664060
25.560	0.664060
25.570	0.703120
25.580	0.937500
25.590	1.132810
25.600	1.250000
25.610	1.406250
25.620	1.562500
25.630	1.796880
25.640	1.992190
25.650	1.992190
25.660	2.148440
25.670	2.187500
25.680	2.265620
25.690	2.265620
25.700	2.265620
25.710	2.265620
25.720	2.265620
25.730	2.265620
25.740	2.265620
25.750	2.265620
25.760	2.304690
25.770	2.343750
25.780	2.343750
25.790	2.343750
25.800	2.343750
25.810	2.343750
25.820	2.343750
25.830	2.343750
25.840	2.343750
25.850	2.343750
25.860	2.343750
25.870	2.343750
25.880	2.343750
25.890	2.343750
25.900	2.343750
25.910	2.343750
25.920	2.343750
25.930	2.343750
25.940	2.343750
25.950	2.343750
25.960	2.343750
25.970	2.343750
25.980	2.343750
25.990	2.343750
26.000	2.343750
26.010	2.343750
26.020	2.343750
26.030	2.343750
26.040	2.343750
26.050	2.343750
26.060	2.343750
26.070	2.343750
26.080	2.343750
26.090	2.343750
26.100	2.343750
26.110	2.343750
26.120	2.382810
26.130	2.500000
26.140	2.617190
26.150	2.617190
26.160	2.617190
26.170	2.617190
26.180	2.617190
26.190	2.617190
26.200	2.617190
26.210	2.617190
26.220	2.617190
26.230	2.734380
26.240	3.085940
26.250	3.359380
26.260	3.593750
26.270	3.632810
26.280	3.632810
26.290	3.632810
26.300	3.632810
26.310	3.632810
26.320	3.671880
26.330	3.828120
26.340	3.867190
26.350	3.867190
26.360	3.867190
26.370	3.867190
26.380	3.867190
26.390	3.867190
26.400	3.867190
26.410	3.867190
26.420	3.867190
26.430	3.867190
26.440	3.867190
26.450	3.867190
26.460	3.867190
26.470	3.867190
26.480	3.867190
26.490	3.867190
26.500	3.867190
26.510	3.867190
26.520	3.867190
26.530	3.867190
26.540	3.867190
26.550	3.867190
26.560	3.867190
26.570	3.867190
26.580	3.867190
26.590	3.867190
26.600	3.867190
26.610	3.867190
26.620	3.867190
26.630	3.867190
26.640	3.867190
26.650	3.867190
26.660	3.867190
26.670	3.867190
26.680	3.867190
26.690	3.867190
26.700	3.867190
26.710	3.867190
26.720	3.867190
26.730	3.867190
26.740	3.867190
26.750	3.867190
26.760	3.867190
26.770	3.867190
26.780	3.867190
26.790	3.867190
26.800	3.867190
26.810	3.867190
26.820	3.867190
26.830	3.867190
26.840	3.867190
26.850	3.867190
26.860	3.867190
26.870	3.867190
26.880	3.867190
26.890	3.867190
26.900	3.867190
26.910	3.867190
26.920	3.867190
26.930	3.867190
26.940	3.867190
26.950	3.867190
26.960	3.867190
26.970	3.867190
26.980	3.867190
26.990	3.867190
27.000	3.867190
27.010	3.867190
27.020	3.867190
27.030	3.867190
27.040	3.867190
27.050	3.867190
27.060	3.867190
27.070	3.867190
27.080	3.867190
27.090	3.867190
27.100	3.867190
27.110	3.867190
27.120	3.867190
27.130	3.867190
27.140	3.867190
27.150	3.867190
27.160	3.867190
27.170	3.867190
27.180	3.867190
27.190	3.867190
27.200	3.867190
27.210	3.867190
27.220	3.867190
27.230	3.867190
27.240	3.867190
27.250	3.867190
27.260	3.867190
27.270	3.867190
27.280	3.867190
27.290	3.867190
27.300	3.867190
27.310	3.867190
27.320	3.867190
27.330	3.867190
27.340	3.867190
27.350	3.867190
27.360	3.867190
27.370	3.867190
27.380	3.867190
27.390	3.867190
27.400	3.867190
27.410	3.867190
27.420	3.867190
27.430	3.867190
27.440	3.867190
27.450	3.867190
27.460	3.867190
27.470	3.867190
27.480	3.867190
27.490	3.867190
27.500	3.710940
27.510	3.515620
27.520	3.515620
27.530	3.515620
27.540	3.515620
27.550	3.515620
27.560	3.515620
27.570	3.515620
27.580	3.515620
27.590	3.515620
27.600	3.515620
27.610	3.515620
27.620	3.515620
27.630	3.515620
27.640	3.515620
27.650	3.515620
27.660	3.515620
27.670	3.515620
27.680	3.515620
27.690	3.515620
27.700	3.515620
27.710	3.515620
27.720	3.515620
27.730	3.515620
27.740	3.515620
27.750	3.515620
27.760	3.515620
27.770	3.515620
27.780	3.515620
27.790	3.515620
27.800	3.515620
27.810	3.515620
27.820	3.515620
27.830	3.515620
27.840	3.515620
27.850	3.515620
27.860	3.515620
27.870	3.515620
27.880	3.515620
27.890	3.515620
27.900	3.515620
27.910	3.515620
27.920	3.515620
27.930	3.515620
27.940	3.515620
27.950	3.515620
27.960	3.515620
27.970	3.515620
27.980	3.515620
27.990	3.515620
28.000	3.515620
28.010	3.515620
28.020	3.515620
28.030	3.515620
28.040	3.515620
28.050	3.515620
28.060	3.750000
28.070	3.984380
28.080	3.984380
28.090	4.023440
28.100	4.101560
28.110	4.296880
28.120	4.414060
28.130	4.453120
28.140	4.453120
28.150	4.453120
28.160	4.453120
28.170	4.453120
28.180	4.453120
28.190	4.453120
28.200	4.453120
28.210	4.453120
28.220	4.531250
28.230	4.531250
28.240	4.570310
28.250	4.570310
28.260	4.726560
28.270	4.960940
28.280	5.000000
28.290	5.078120
28.300	5.078120
28.310	5.078120
28.320	5.078120
28.330	5.078120
28.340	5.078120
28.350	5.078120
28.360	5.078120
28.370	5.078120
28.380	5.078120
28.390	5.078120
28.400	5.078120
28.410	5.078120
28.420	5.078120
28.430	5.078120
28.440	5.078120
28.450	5.078120
28.460	5.078120
28.470	5.078120
28.480	5.078120
28.490	5.078120
28.500	5.078120
28.510	5.078120
28.520	5.078120
28.530	5.078120
28.540	5.078120
28.550	5.078120
28.560	5.078120
28.570	5.078120
28.580	5.078120
28.590	5.078120
28.600	5.078120
28.610	5.078120
28.620	5.078120
28.630	5.078120
28.640	5.078120
28.650	5.078120
28.660	5.078120
28.670	5.078120
28.680	5.078120
28.690	5.078120
28.700	4.882810
28.710	4.609380
28.720	4.570310
28.730	4.414060
28.740	4.179690
28.750	4.023440
28.760	4.023440
28.770	4.023440
28.780	4.023440
28.790	4.023440
28.800	4.023440
28.810	4.023440
28.820	4.023440
28.830	4.023440
28.840	4.023440
28.850	4.023440
28.860	4.023440
28.870	4.023440
28.880	4.023440
28.890	4.023440
28.900	4.023440
28.910	4.023440
28.920	4.023440
28.930	4.023440
28.940	4.023440
28.950	4.023440
28.960	4.023440
28.970	4.023440
28.980	4.023440
28.990	4.023440
29.000	4.023440
29.010	4.023440
29.020	4.023440
29.030	4.023440
29.040	3.906250
29.050	3.750000
29.060	3.671880
29.070	3.671880
29.080	3.671880
29.090	3.671880
29.100	3.671880
29.110	3.671880
29.120	3.671880
29.130	3.671880
29.140	3.671880
29.150	3.671880
29.160	3.671880
29.170	3.671880
29.180	3.671880
29.190	3.671880
29.200	3.671880
29.210	3.671880
29.220	3.671880
29.230	3.671880
29.240	3.632810
29.250	3.476560
29.260	3.281250
29.270	3.281250
29.280	3.281250
29.290	3.203120
29.300	3.164060
29.310	3.164060
29.320	3.164060
29.330	3.164060
29.340	3.164060
29.350	3.007810
29.360	2.968750
29.370	2.968750
29.380	2.968750
29.390	2.968750
29.400	2.968750
29.410	2.968750
29.420	2.968750
29.430	2.968750
29.440	2.968750
29.450	2.968750
29.460	2.968750
29.470	2.968750
29.480	2.968750
29.490	2.968750
29.500	2.968750
29.510	2.968750
29.520	2.968750
29.530	2.968750
29.540	2.968750
29.550	2.968750
29.560	2.968750
29.570	2.968750
29.580	2.968750
29.590	2.968750
29.600	2.968750
29.610	2.968750
29.620	2.968750
29.630	2.968750
29.640	2.968750
29.650	2.968750
29.660	2.968750
29.670	2.968750
29.680	2.968750
29.690	2.968750
29.700	2.968750
29.710	2.968750
29.720	2.968750
29.730	2.968750
29.740	2.968750
29.750	2.968750
29.760	2.968750
29.770	2.968750
29.780	2.968750
29.790	2.968750
29.800	2.968750
29.810	2.968750
29.820	2.968750
29.830	2.968750
29.840	2.968750
29.850	2.968750
29.860	2.968750
29.870	2.968750
29.880	2.968750
29.890	2.968750
29.900	2.968750
29.910	2.968750
29.920	2.968750
29.930	2.968750
29.940	2.968750
29.950	2.968750
29.960	2.968750
29.970	2.968750
29.980	2.968750
29.990	2.968750
30.000	2.968750
30.010	2.968750
30.020	2.968750
30.030	2.968750
30.040	2.968750
30.050	2.968750
30.060	2.968750
30.070	2.968750
30.080	2.968750
30.090	2.968750
30.100	2.968750
30.110	2.968750
30.120	2.968750
30.130	2.968750
30.140	2.968750
30.150	2.968750
30.160	2.968750
30.170	2.968750
30.180	2.968750
30.190	2.968750
30.200	2.968750
30.210	2.968750
30.220	2.968750
30.230	2.968750
30.240	2.968750
30.250	2.968750
30.260	2.968750
30.270	2.968750
30.280	2.968750
30.290	2.968750
30.300	2.968750
30.310	2.968750
30.320	2.968750
30.330	2.968750
30.340	2.968750
30.350	2.968750
30.360	2.968750
30.370	2.968750
30.380	2.968750
30.390	2.968750
30.400	2.968750
30.410	2.968750
30.420	2.929690
30.430	2.812500
30.440	2.812500
30.450	2.617190
30.460	2.460940
30.470	2.343750
30.480	2.304690
30.490	2.304690
30.500	2.304690
30.510	2.304690
30.520	2.304690
30.530	2.304690
30.540	2.304690
30.550	2.304690
30.560	2.304690
30.570	2.304690
30.580	2.304690
30.590	2.304690
30.600	2.304690
30.610	2.304690
30.620	2.304690
30.630	2.304690
30.640	2.304690
30.650	2.304690
30.660	2.304690
30.670	2.304690
30.680	2.304690
30.690	2.304690
30.700	2.304690
30.710	2.304690
30.720	2.304690
30.730	2.304690
30.740	2.304690
30.750	2.304690
30.760	2.304690
30.770	2.304690
30.780	2.304690
30.790	2.304690
30.800	2.304690
30.810	2.304690
30.820	2.304690
30.830	2.304690
30.840	2.304690
30.850	2.304690
30.860	2.304690
30.870	2.304690
30.880	2.304690
30.890	2.304690
30.900	2.304690
30.910	2.304690
30.920	2.304690
30.930	2.304690
30.940	2.304690
30.950	2.304690
30.960	2.304690
30.970	2.304690
30.980	2.304690
30.990	2.304690
31.000	2.304690
31.010	2.304690
31.020	2.304690
31.030	2.304690
31.040	2.304690
31.050	2.304690
31.060	2.304690
31.070	2.304690
31.080	2.304690
31.090	2.304690
31.100	2.304690
31.110	2.304690
31.120	2.304690
31.130	2.304690
31.140	2.304690
31.150	2.304690
31.160	2.304690
31.170	2.304690
31.180	2.304690
31.190	2.304690
31.200	2.304690
31.210	2.304690
31.220	2.304690
31.230	2.304690
31.240	2.304690
31.250	2.304690
31.260	2.304690
31.270	2.304690
31.280	2.304690
31.290	2.304690
31.300	2.304690
31.310	2.304690
31.320	2.304690
31.330	2.304690
31.340	2.304690
31.350	2.304690
31.360	2.304690
31.370	2.304690
31.380	2.304690
31.390	2.304690
31.400	2.304690
31.410	2.304690
31.420	2.304690
31.430	2.304690
31.440	2.304690
31.450	2.304690
31.460	2.304690
31.470	2.304690
31.480	2.304690
31.490	2.304690
31.500	2.304690
31.510	2.304690
31.520	2.304690
31.530	2.304690
31.540	2.304690
31.550	2.304690
31.560	2.304690
31.570	2.304690
31.580	2.304690
31.590	2.304690
31.600	2.304690
31.610	2.304690
31.620	2.304690
31.630	2.304690
31.640	2.304690
31.650	2.304690
31.660	2.304690
31.670	2.265620
31.680	2.109380
31.690	1.992190
31.700	1.992190
31.710	1.992190
31.720	1.992190
31.730	1.953120
31.740	1.679690
31.750	1.484380
31.760	1.406250
31.770	1.210940
31.780	1.015620
31.790	0.859380
31.800	0.859380
31.810	0.859380
31.820	0.859380
31.830	0.859380
31.840	0.859380
31.850	0.859380
31.860	0.859380
31.870	0.859380
31.880	0.859380
31.890	0.859380
31.900	0.859380
31.910	0.859380
31.920	0.859380
31.930	0.859380
31.940	0.859380
31.950	0.742190
31.960	0.507810
31.970	0.195310
31.980	0.000000
31.990	-0.078120
32.000	-0.156250
32.010	-0.156250
32.020	-0.156250
32.030	-0.234380
32.040	-0.234380
32.050	-0.234380
32.060	-0.234380
32.070	-0.234380
32.080	-0.234380
32.090	-0.234380
32.100	-0.234380
32.110	-0.234380
32.120	-0.234380
32.130	-0.468750
32.140	-0.546880
32.150	-0.546880
32.160	-0.703120
32.170	-0.898440
32.180	-1.132810
32.190	-1.132810
32.200	-1.132810
32.210	-1.132810
32.220	-1.132810
32.230	-1.132810
32.240	-1.132810
32.250	-1.132810
32.260	-1.132810
32.270	-1.132810
32.280	-1.250000
32.290	-1.406250
32.300	-1.640620
32.310	-1.875000
32.320	-2.031250
32.330	-2.226560
32.340	-2.304690
32.350	-2.500000
32.360	-2.578120
32.370	-2.578120
32.380	-2.578120
32.390	-2.578120
32.400	-2.578120
32.410	-2.578120
32.420	-2.578120
32.430	-2.578120
32.440	-2.578120
32.450	-2.578120
32.460	-2.578120
32.470	-2.578120
32.480	-2.578120
32.490	-2.578120
32.500	-2.578120
32.510	-2.578120
32.520	-2.578120
32.530	-2.578120
32.540	-2.578120
32.550	-2.578120
32.560	-2.578120
32.570	-2.578120
32.580	-2.695310
32.590	-2.890620
32.600	-2.890620
32.610	-2.929690
32.620	-2.929690
32.630	-2.929690
32.640	-2.929690
32.650	-2.929690
32.660	-2.929690
32.670	-2.929690
32.680	-2.929690
32.690	-2.929690
32.700	-2.929690
32.710	-2.929690
32.720	-2.929690
32.730	-2.929690
32.740	-2.929690
32.750	-2.929690
32.760	-2.929690
32.770	-2.929690
32.780	-2.929690
32.790	-2.929690
32.800	-2.929690
32.810	-2.929690
32.820	-2.929690
32.830	-2.929690
32.840	-2.929690
32.850	-2.929690
32.860	-2.929690
32.870	-2.929690
32.880	-2.929690
32.890	-2.929690
32.900	-2.929690
32.910	-2.929690
32.920	-2.929690
32.930	-2.929690
32.940	-2.929690
32.950	-2.929690
32.960	-2.851560
32.970	-2.695310
32.980	-2.695310
32.990	-2.695310
33.000	-2.695310
33.010	-2.695310
33.020	-2.695310
33.030	-2.500000
33.040	-2.304690
33.050	-2.265620
33.060	-2.031250
33.070	-1.757810
33.080	-1.562500
33.090	-1.328120
33.100	-1.210940
33.110	-1.210940
33.120	-1.210940
33.130	-1.210940
33.140	-1.210940
33.150	-1.132810
33.160	-1.132810
33.170	-1.132810
33.180	-1.132810
33.190	-1.132810
33.200	-1.132810
33.210	-1.132810
33.220	-1.132810
33.230	-1.132810
33.240	-1.132810
33.250	-1.132810
33.260	-1.132810
33.270	-1.132810
33.280	-1.132810
33.290	-1.132810
33.300	-1.132810
33.310	-1.132810
33.320	-1.132810
33.330	-1.132810
33.340	-1.132810
33.350	-1.132810
33.360	-1.132810
33.370	-1.132810
33.380	-1.132810
33.390	-1.132810
33.400	-1.132810
33.410	-1.132810
33.420	-1.132810
33.430	-1.132810
33.440	-1.132810
33.450	-1.132810
33.460	-1.132810
33.470	-1.132810
33.480	-1.132810
33.490	-1.132810
33.500	-1.132810
33.510	-1.132810
33.520	-1.132810
33.530	-1.132810
33.540	-1.132810
33.550	-1.132810
33.560	-1.132810
33.570	-1.132810
33.580	-1.132810
33.590	-1.132810
33.600	-1.132810
33.610	-1.132810
33.620	-1.132810
33.630	-1.132810
33.640	-1.132810
33.650	-1.132810
33.660	-1.132810
33.670	-1.132810
33.680	-1.132810
33.690	-1.132810
33.700	-1.132810
33.710	-1.132810
33.720	-1.132810
33.730	-1.132810
33.740	-1.132810
33.750	-1.132810
33.760	-1.132810
33.770	-1.132810
33.780	-1.132810
33.790	-1.132810
33.800	-1.132810
33.810	-1.132810
33.820	-1.132810
33.830	-1.132810
33.840	-1.132810
33.850	-1.132810
33.860	-1.132810
33.870	-1.132810
33.880	-1.132810
33.890	-1.132810
33.900	-1.132810
33.910	-1.132810
33.920	-1.132810
33.930	-1.132810
33.940	-1.132810
33.950	-1.132810
33.960	-1.132810
33.970	-1.132810
33.980	-1.132810
33.990	-1.132810
34.000	-1.132810
34.010	-1.132810
34.020	-1.132810
34.030	-1.132810
34.040	-1.132810
34.050	-1.132810
34.060	-1.132810
34.070	-1.132810
34.080	-1.132810
34.090	-1.132810
34.100	-1.132810
34.110	-1.132810
34.120	-1.132810
34.130	-1.132810
34.140	-1.132810
34.150	-1.132810
34.160	-1.132810
34.170	-1.132810
34.180	-1.132810
34.190	-1.191410
34.200	-1.191410
34.210	-1.191410
34.220	-1.191410
34.230	-1.191410
34.240	-1.191410
34.250	-1.191410
34.260	-1.191410
34.270	-1.191410
34.280	-1.191410
34.290	-1.191410
34.300	-1.191410
34.310	-1.191410
34.320	-1.191410
34.330	-1.191410
34.340	-1.191410
34.350	-1.191410
34.360	-1.191410
34.370	-1.191410
34.380	-1.191410
34.390	-1.191410
34.400	-1.191410
34.410	-1.191410
34.420	-1.191410
34.430	-1.191410
34.440	-1.191410
34.450	-1.191410
34.460	-1.191410
34.470	-1.191410
34.480	-1.191410
34.490	-1.191410
34.500	-1.191410
34.510	-1.191410
34.520	-1.191410
34.530	-1.191410
34.540	-1.191410
34.550	-1.191410
34.560	-1.191410
34.570	-1.191410
34.580	-1.191410
34.590	-1.191410
34.600	-1.191410
34.610	-1.191410
34.620	-1.191410
34.630	-1.191410
34.640	-1.191410
34.650	-1.191410
34.660	-1.191410
34.670	-1.191410
34.680	-1.191410
34.690	-1.191410
34.700	-1.191410
34.710	-1.250000
34.720	-1.250000
34.730	-1.250000
34.740	-1.250000
34.750	-1.250000
34.760	-1.250000
34.770	-1.250000
34.780	-1.250000
34.790	-1.250000
34.800	-1.250000
34.810	-1.250000
34.820	-1.250000
34.830	-1.250000
34.840	-1.250000
34.850	-1.250000
34.860	-1.250000
34.870	-1.250000
34.880	-1.250000
34.890	-1.250000
34.900	-1.250000
34.910	-1.250000
34.920	-1.250000
34.930	-1.250000
34.940	-1.328120
34.950	-1.445310
34.960	-1.484380
34.970	-1.523440
34.980	-1.523440
34.990	-1.621090
35.000	-1.621090
35.010	-1.621090
35.020	-1.621090
35.030	-1.621090
35.040	-1.621090
35.050	-1.621090
35.060	-1.621090
35.070	-1.699220
35.080	-1.718750
35.090	-1.718750
35.100	-1.718750
35.110	-1.718750
35.120	-1.718750
35.130	-1.718750
35.140	-1.718750
35.150	-1.718750
35.160	-1.718750
35.170	-1.718750
35.180	-1.718750
35.190	-1.718750
35.200	-1.718750
35.210	-1.718750
35.220	-1.718750
35.230	-1.718750
35.240	-1.718750
35.250	-1.718750
35.260	-1.718750
35.270	-1.718750
35.280	-1.718750
35.290	-1.718750
35.300	-1.718750
35.310	-1.718750
35.320	-1.718750
35.330	-1.718750
35.340	-1.718750
35.350	-1.718750
35.360	-1.718750
35.370	-1.718750
35.380	-1.718750
35.390	-1.718750
35.400	-1.718750
35.410	-1.718750
35.420	-1.718750
35.430	-1.718750
35.440	-1.718750
35.450	-1.718750
35.460	-1.718750
35.470	-1.718750
35.480	-1.718750
35.490	-1.718750
35.500	-1.621090
35.510	-1.542970
35.520	-1.523440
35.530	-1.523440
35.540	-1.503910
35.550	-1.464840
35.560	-1.406250
35.570	-1.347660
35.580	-1.210940
35.590	-1.210940
35.600	-1.132810
35.610	-1.093750
35.620	-1.093750
35.630	-1.093750
35.640	-1.093750
35.650	-1.074220
35.660	-0.996090
35.670	-0.976560
35.680	-0.976560
35.690	-0.976560
35.700	-0.976560
35.710	-0.976560
35.720	-0.976560
35.730	-0.976560
35.740	-0.976560
35.750	-0.976560
35.760	-0.976560
35.770	-0.976560
35.780	-0.976560
35.790	-0.976560
35.800	-0.976560
35.810	-0.976560
35.820	-0.976560
35.830	-0.976560
35.840	-0.976560
35.850	-0.976560
35.860	-0.917970
35.870	-0.742190
35.880	-0.703120
35.890	-0.683590
35.900	-0.546880
35.910	-0.546880
35.920	-0.468750
35.930	-0.390620
35.940	-0.332030
35.950	-0.332030
35.960	-0.253910
35.970	-0.253910
35.980	-0.195310
35.990	-0.195310
36.000	-0.195310
36.010	-0.195310
36.020	-0.195310
36.030	-0.195310
36.040	-0.195310
36.050	-0.195310
36.060	-0.195310
36.070	-0.195310
36.080	-0.195310
36.090	-0.195310
36.100	-0.156250
36.110	-0.097660
36.120	-0.097660
36.130	-0.078120
36.140	-0.078120
36.150	-0.078120
36.160	0.039060
36.170	0.136720
36.180	0.156250
36.190	0.156250
36.200	0.156250
36.210	0.156250
36.220	0.175780
36.230	0.195310
36.240	0.253910
36.250	0.292970
36.260	0.292970
36.270	0.390620
36.280	0.488280
36.290	0.507810
36.300	0.566410
36.310	0.566410
36.320	0.566410
36.330	0.566410
36.340	0.566410
36.350	0.566410
36.360	0.605470
36.370	0.664060
36.380	0.664060
36.390	0.664060
36.400	0.664060
36.410	0.664060
36.420	0.664060
36.430	0.664060
36.440	0.664060
36.450	0.664060
36.460	0.664060
36.470	0.664060
36.480	0.664060
36.490	0.664060
36.500	0.664060
36.510	0.664060
36.520	0.683590
36.530	0.683590
36.540	0.683590
36.550	0.683590
36.560	0.683590
36.570	0.683590
36.580	0.683590
36.590	0.722660
36.600	0.781250
36.610	0.839840
36.620	0.839840
36.630	0.839840
36.640	0.839840
36.650	0.839840
36.660	0.839840
36.670	0.839840
36.680	0.839840
36.690	0.839840
36.700	0.839840
36.710	0.839840
36.720	0.839840
36.730	0.839840
36.740	0.839840
36.750	0.839840
36.760	0.839840
36.770	0.839840
36.780	0.839840
36.790	0.839840
36.800	0.839840
36.810	0.839840
36.820	0.839840
36.830	0.839840
36.840	0.839840
36.850	0.839840
36.860	0.859380
36.870	0.937500
36.880	1.054690
36.890	1.132810
36.900	1.191410
36.910	1.191410
36.920	1.289060
36.930	1.328120
36.940	1.328120
36.950	1.328120
36.960	1.328120
36.970	1.328120
36.980	1.328120
36.990	1.328120
37.000	1.328120
37.010	1.328120
37.020	1.328120
37.030	1.328120
37.040	1.328120
37.050	1.328120
37.060	1.328120
37.070	1.328120
37.080	1.328120
37.090	1.328120
37.100	1.328120
37.110	1.328120
37.120	1.328120
37.130	1.328120
37.140	1.328120
37.150	1.328120
37.160	1.328120
37.170	1.328120
37.180	1.328120
37.190	1.367190
37.200	1.367190
37.210	1.367190
37.220	1.367190
37.230	1.367190
37.240	1.367190
37.250	1.367190
37.260	1.367190
37.270	1.367190
37.280	1.367190
37.290	1.367190
37.300	1.367190
37.310	1.367190
37.320	1.367190
37.330	1.367190
37.340	1.367190
37.350	1.367190
37.360	1.367190
37.370	1.367190
37.380	1.367190
37.390	1.367190
37.400	1.367190
37.410	1.367190
37.420	1.367190
37.430	1.367190
37.440	1.367190
37.450	1.367190
37.460	1.367190
37.470	1.367190
37.480	1.367190
37.490	1.367190
37.500	1.367190
37.510	1.367190
37.520	1.367190
37.530	1.367190
37.540	1.367190
37.550	1.367190
37.560	1.367190
37.570	1.367190
37.580	1.367190
37.590	1.367190
37.600	1.367190
37.610	1.367190
37.620	1.367190
37.630	1.367190
37.640	1.367190
37.650	1.367190
37.660	1.367190
37.670	1.367190
37.680	1.367190
37.690	1.367190
37.700	1.367190
37.710	1.367190
37.720	1.367190
37.730	1.367190
37.740	1.367190
37.750	1.367190
37.760	1.367190
37.770	1.367190
37.780	1.367190
37.790	1.367190
37.800	1.367190
37.810	1.367190
37.820	1.367190
37.830	1.367190
37.840	1.367190
37.850	1.367190
37.860	1.367190
37.870	1.367190
37.880	1.367190
37.890	1.367190
37.900	1.367190
37.910	1.367190
37.920	1.367190
37.930	1.367190
37.940	1.367190
37.950	1.367190
37.960	1.367190
37.970	1.367190
37.980	1.367190
37.990	1.367190
38.000	1.367190
38.010	1.367190
38.020	1.367190
38.030	1.367190
38.040	1.367190
38.050	1.367190
38.060	1.367190
38.070	1.367190
38.080	1.367190
38.090	1.367190
38.100	1.367190
38.110	1.367190
38.120	1.367190
38.130	1.367190
38.140	1.367190
38.150	1.367190
38.160	1.367190
38.170	1.367190
38.180	1.367190
38.190	1.367190
38.200	1.367190
38.210	1.367190
38.220	1.367190
38.230	1.367190
38.240	1.367190
38.250	1.367190
38.260	1.367190
38.270	1.367190
38.280	1.367190
38.290	1.367190
38.300	1.367190
38.310	1.367190
38.320	1.367190
38.330	1.367190
38.340	1.367190
38.350	1.367190
38.360	1.367190
38.370	1.367190
38.380	1.367190
38.390	1.367190
38.400	1.367190
38.410	1.367190
38.420	1.367190
38.430	1.367190
38.440	1.367190
38.450	1.367190
38.460	1.367190
38.470	1.367190
38.480	1.367190
38.490	1.367190
38.500	1.367190
38.510	1.367190
38.520	1.367190
38.530	1.367190
38.540	1.367190
38.550	1.367190
38.560	1.367190
38.570	1.367190
38.580	1.367190
38.590	1.367190
38.600	1.367190
38.610	1.367190
38.620	1.367190
38.630	1.367190
38.640	1.367190
38.650	1.367190
38.660	1.367190
38.670	1.367190
38.680	1.367190
38.690	1.367190
38.700	1.367190
38.710	1.367190
38.720	1.367190
38.730	1.367190
38.740	1.367190
38.750	1.367190
38.760	1.367190
38.770	1.367190
38.780	1.367190
38.790	1.367190
38.800	1.367190
38.810	1.367190
38.820	1.367190
38.830	1.367190
38.840	1.367190
38.850	1.367190
38.860	1.367190
38.870	1.367190
38.880	1.367190
38.890	1.367190
38.900	1.367190
38.910	1.367190
38.920	1.367190
38.930	1.367190
38.940	1.367190
38.950	1.367190
38.960	1.367190
38.970	1.367190
38.980	1.367190
38.990	1.367190
39.000	1.367190
39.010	1.367190
39.020	1.367190
39.030	1.367190
39.040	1.367190
39.050	1.367190
39.060	1.367190
39.070	1.367190
39.080	1.367190
39.090	1.367190
39.100	1.367190
39.110	1.367190
39.120	1.367190
39.130	1.367190
39.140	1.367190
39.150	1.367190
39.160	1.367190
39.170	1.367190
39.180	1.367190
39.190	1.367190
39.200	1.367190
39.210	1.367190
39.220	1.367190
39.230	1.367190
39.240	1.367190
39.250	1.367190
39.260	1.367190
39.270	1.367190
39.280	1.367190
39.290	1.367190
39.300	1.367190
39.310	1.367190
39.320	1.367190
39.330	1.367190
39.340	1.367190
39.350	1.367190
39.360	1.367190
39.370	1.367190
39.380	1.367190
39.390	1.367190
39.400	1.367190
39.410	1.367190
39.420	1.367190
39.430	1.367190
39.440	1.367190
39.450	1.367190
39.460	1.367190
39.470	1.367190
39.480	1.367190
39.490	1.367190
39.500	1.367190
39.510	1.367190
39.520	1.367190
39.530	1.367190
39.540	1.367190
39.550	1.367190
39.560	1.367190
39.570	1.367190
39.580	1.367190
39.590	1.367190
39.600	1.367190
39.610	1.367190
39.620	1.367190
39.630	1.367190
39.640	1.367190
39.650	1.367190
39.660	1.367190
39.670	1.367190
39.680	1.367190
39.690	1.367190
39.700	1.367190
39.710	1.367190
39.720	1.367190
39.730	1.367190
39.740	1.367190
39.750	1.406250
39.760	1.582030
39.770	1.582030
39.780	1.582030
39.790	1.582030
39.800	1.582030
39.810	1.582030
39.820	1.582030
39.830	1.582030
39.840	1.582030
39.850	1.582030
39.860	1.582030
39.870	1.582030
39.880	1.582030
39.890	1.582030
39.900	1.582030
39.910	1.582030
39.920	1.582030
39.930	1.582030
39.940	1.582030
39.950	1.582030
39.960	1.582030
39.970	1.582030
39.980	1.582030
39.990	1.582030
40.000	1.582030
