# time_in_ns	dG_in_kT
0.000	0.000000
0.010	20.000000
0.020	20.000000
0.030	20.000000
0.040	20.000000
0.050	20.000000
0.060	20.000000
0.070	20.000000
0.080	20.000000
0.090	20.000000
0.100	20.000000
0.110	20.000000
0.120	20.000000
0.130	20.000000
0.140	20.000000
0.150	20.000000
0.160	20.000000
0.170	20.000000
0.180	20.000000
0.190	20.000000
0.200	-30.000000
0.210	-30.000000
0.220	-30.000000
0.230	-30.000000
0.240	-30.000000
0.250	-30.000000
0.260	-30.000000
0.270	-30.000000
0.280	-90.000000
0.290	-90.000000
0.300	-110.000000
0.310	-110.000000
0.320	-110.000000
0.330	-110.000000
0.340	-110.000000
0.350	-110.000000
0.360	-110.000000
0.370	-110.000000
0.380	-110.000000
0.390	-110.000000
0.400	-110.000000
0.410	-110.000000
0.420	-110.000000
0.430	-110.000000
0.440	-110.000000
0.450	-110.000000
0.460	-110.000000
0.470	-110.000000
0.480	-110.000000
0.490	-110.000000
0.500	-110.000000
0.510	-110.000000
0.520	-110.000000
0.530	-110.000000
0.540	-110.000000
0.550	-110.000000
0.560	-110.000000
0.570	-110.000000
0.580	-110.000000
0.590	-110.000000
0.600	-110.000000
0.610	-110.000000
0.620	-110.000000
0.630	-110.000000
0.640	-70.000000
0.650	-30.000000
0.660	-30.000000
0.670	-30.000000
0.680	-30.000000
0.690	-30.000000
0.700	-10.000000
0.710	0.000000
0.720	15.000000
0.730	35.000000
0.740	50.000000
0.750	50.000000
0.760	50.000000
0.770	50.000000
0.780	50.000000
0.790	50.000000
0.800	50.000000
0.810	50.000000
0.820	50.000000
0.830	50.000000
0.840	50.000000
0.850	50.000000
0.860	50.000000
0.870	50.000000
0.880	50.000000
0.890	50.000000
0.900	50.000000
0.910	50.000000
0.920	50.000000
0.930	50.000000
0.940	50.000000
0.950	50.000000
0.960	50.000000
0.970	50.000000
0.980	50.000000
0.990	50.000000
1.000	50.000000
1.010	30.000000
1.020	15.000000
1.030	5.000000
1.040	5.000000
1.050	5.000000
1.060	5.000000
1.070	5.000000
1.080	5.000000
1.090	5.000000
1.100	5.000000
1.110	5.000000
1.120	5.000000
1.130	5.000000
1.140	5.000000
1.150	5.000000
1.160	5.000000
1.170	5.000000
1.180	5.000000
1.190	5.000000
1.200	5.000000
1.210	5.000000
1.220	5.000000
1.230	5.000000
1.240	5.000000
1.250	0.000000
1.260	-20.000000
1.270	-20.000000
1.280	-40.000000
1.290	-40.000000
1.300	-40.000000
1.310	-55.000000
1.320	-55.000000
1.330	-55.000000
1.340	-55.000000
1.350	-55.000000
1.360	-55.000000
1.370	-55.000000
1.380	-55.000000
1.390	-55.000000
1.400	-55.000000
1.410	-55.000000
1.420	-55.000000
1.430	-55.000000
1.440	-55.000000
1.450	-55.000000
1.460	-35.000000
1.470	-35.000000
1.480	-25.000000
1.490	-10.000000
1.500	-10.000000
1.510	-10.000000
1.520	-10.000000
1.530	-10.000000
1.540	-10.000000
1.550	-10.000000
1.560	-10.000000
1.570	-10.000000
1.580	-10.000000
1.590	-10.000000
1.600	-10.000000
1.610	-10.000000
1.620	-10.000000
1.630	-10.000000
1.640	-10.000000
1.650	-10.000000
1.660	-10.000000
1.670	-10.000000
1.680	-10.000000
1.690	0.000000
1.700	2.500000
1.710	12.500000
1.720	12.500000
1.730	12.500000
1.740	12.500000
1.750	15.000000
1.760	15.000000
1.770	15.000000
1.780	15.000000
1.790	15.000000
1.800	15.000000
1.810	15.000000
1.820	15.000000
1.830	15.000000
1.840	32.500000
1.850	45.000000
1.860	52.500000
1.870	52.500000
1.880	52.500000
1.890	52.500000
1.900	52.500000
1.910	52.500000
1.920	52.500000
1.930	52.500000
1.940	52.500000
1.950	52.500000
1.960	52.500000
1.970	52.500000
1.980	52.500000
1.990	52.500000
2.000	52.500000
2.010	52.500000
2.020	52.500000
2.030	52.500000
2.040	52.500000
2.050	52.500000
2.060	52.500000
2.070	52.500000
2.080	52.500000
2.090	52.500000
2.100	52.500000
2.110	52.500000
2.120	52.500000
2.130	52.500000
2.140	52.500000
2.150	52.500000
2.160	52.500000
2.170	52.500000
2.180	52.500000
2.190	40.000000
2.200	22.500000
2.210	22.500000
2.220	22.500000
2.230	22.500000
2.240	22.500000
2.250	15.000000
2.260	12.500000
2.270	12.500000
2.280	5.000000
2.290	0.000000
2.300	0.000000
2.310	0.000000
2.320	0.000000
2.330	0.000000
2.340	0.000000
2.350	0.000000
2.360	0.000000
2.370	0.000000
2.380	0.000000
2.390	0.000000
2.400	0.000000
2.410	0.000000
2.420	0.000000
2.430	0.000000
2.440	0.000000
2.450	0.000000
2.460	-10.000000
2.470	-15.000000
2.480	-15.000000
2.490	-15.000000
2.500	-15.000000
2.510	-15.000000
2.520	-15.000000
2.530	-15.000000
2.540	-15.000000
2.550	-15.000000
2.560	-15.000000
2.570	-15.000000
2.580	-15.000000
2.590	-15.000000
2.600	-15.000000
2.610	-15.000000
2.620	-15.000000
2.630	-15.000000
2.640	-15.000000
2.650	-15.000000
2.660	-7.500000
2.670	0.000000
2.680	0.000000
2.690	0.000000
2.700	0.000000
2.710	7.500000
2.720	22.500000
2.730	22.500000
2.740	22.500000
2.750	22.500000
2.760	22.500000
2.770	22.500000
2.780	22.500000
2.790	22.500000
2.800	22.500000
2.810	22.500000
2.820	22.500000
2.830	22.500000
2.840	22.500000
2.850	22.500000
2.860	22.500000
2.870	22.500000
2.880	22.500000
2.890	37.500000
2.900	37.500000
2.910	37.500000
2.920	37.500000
2.930	37.500000
2.940	37.500000
2.950	37.500000
2.960	37.500000
2.970	37.500000
2.980	37.500000
2.990	37.500000
3.000	37.500000
3.010	37.500000
3.020	37.500000
3.030	37.500000
3.040	37.500000
3.050	37.500000
3.060	37.500000
3.070	37.500000
3.080	37.500000
3.090	37.500000
3.100	37.500000
3.110	37.500000
3.120	37.500000
3.130	37.500000
3.140	37.500000
3.150	37.500000
3.160	37.500000
3.170	37.500000
3.180	37.500000
3.190	27.500000
3.200	27.500000
3.210	27.500000
3.220	27.500000
3.230	27.500000
3.240	22.500000
3.250	10.000000
3.260	10.000000
3.270	10.000000
3.280	10.000000
3.290	10.000000
3.300	10.000000
3.310	10.000000
3.320	10.000000
3.330	10.000000
3.340	10.000000
3.350	10.000000
3.360	10.000000
3.370	10.000000
3.380	10.000000
3.390	10.000000
3.400	10.000000
3.410	-2.500000
3.420	-10.000000
3.430	-22.500000
3.440	-27.500000
3.450	-27.500000
3.460	-27.500000
3.470	-27.500000
3.480	-27.500000
3.490	-27.500000
3.500	-27.500000
3.510	-27.500000
3.520	-27.500000
3.530	-27.500000
3.540	-27.500000
3.550	-27.500000
3.560	-27.500000
3.570	-27.500000
3.580	-27.500000
3.590	-27.500000
3.600	-27.500000
3.610	-27.500000
3.620	-27.500000
3.630	-27.500000
3.640	-27.500000
3.650	-27.500000
3.660	-27.500000
3.670	-27.500000
3.680	-27.500000
3.690	-27.500000
3.700	-27.500000
3.710	-27.500000
3.720	-27.500000
3.730	-27.500000
3.740	-27.500000
3.750	-27.500000
3.760	-27.500000
3.770	-27.500000
3.780	-27.500000
3.790	-27.500000
3.800	-20.000000
3.810	-15.000000
3.820	-15.000000
3.830	-11.250000
3.840	-11.250000
3.850	-3.750000
3.860	0.000000
3.870	2.500000
3.880	2.500000
3.890	2.500000
3.900	2.500000
3.910	2.500000
3.920	2.500000
3.930	2.500000
3.940	3.750000
3.950	12.500000
3.960	12.500000
3.970	12.500000
3.980	12.500000
3.990	12.500000
4.000	12.500000
4.010	12.500000
4.020	15.000000
4.030	23.750000
4.040	26.250000
4.050	26.250000
4.060	26.250000
4.070	26.250000
4.080	26.250000
4.090	26.250000
4.100	26.250000
4.110	26.250000
4.120	26.250000
4.130	26.250000
4.140	26.250000
4.150	26.250000
4.160	26.250000
4.170	26.250000
4.180	26.250000
4.190	26.250000
4.200	26.250000
4.210	26.250000
4.220	26.250000
4.230	26.250000
4.240	26.250000
4.250	26.250000
4.260	26.250000
4.270	20.000000
4.280	18.750000
4.290	15.000000
4.300	15.000000
4.310	15.000000
4.320	15.000000
4.330	15.000000
4.340	15.000000
4.350	15.000000
4.360	15.000000
4.370	15.000000
4.380	15.000000
4.390	15.000000
4.400	15.000000
4.410	15.000000
4.420	11.250000
4.430	2.500000
4.440	-3.750000
4.450	-3.750000
4.460	-3.750000
4.470	-3.750000
4.480	-3.750000
4.490	-3.750000
4.500	-3.750000
4.510	-3.750000
4.520	-3.750000
4.530	-3.750000
4.540	-3.750000
4.550	-3.750000
4.560	-3.750000
4.570	-3.750000
4.580	-3.750000
4.590	-3.750000
4.600	-3.750000
4.610	-3.750000
4.620	-3.750000
4.630	-3.750000
4.640	-3.750000
4.650	-3.750000
4.660	-3.750000
4.670	-3.750000
4.680	-3.750000
4.690	-3.750000
4.700	-3.750000
4.710	-3.750000
4.720	-3.750000
4.730	-3.750000
4.740	-3.750000
4.750	-3.750000
4.760	-3.750000
4.770	-3.750000
4.780	-3.750000
4.790	-3.750000
4.800	-3.750000
4.810	-3.750000
4.820	-3.750000
4.830	-3.750000
4.840	-3.750000
4.850	-3.750000
4.860	-3.750000
4.870	-3.750000
4.880	-3.750000
4.890	-3.750000
4.900	-3.750000
4.910	-3.750000
4.920	-3.750000
4.930	-3.750000
4.940	-3.750000
4.950	-3.750000
4.960	2.500000
4.970	3.750000
4.980	3.750000
4.990	6.250000
5.000	12.500000
5.010	12.500000
5.020	12.500000
5.030	15.000000
5.040	21.250000
5.050	21.250000
5.060	21.250000
5.070	21.250000
5.080	21.250000
5.090	21.250000
5.100	21.250000
5.110	21.250000
5.120	21.250000
5.130	21.250000
5.140	21.250000
5.150	21.250000
5.160	21.250000
5.170	21.250000
5.180	21.250000
5.190	21.250000
5.200	21.250000
5.210	21.250000
5.220	31.250000
5.230	31.250000
5.240	31.250000
5.250	31.250000
5.260	31.250000
5.270	31.250000
5.280	31.250000
5.290	31.250000
5.300	31.250000
5.310	31.250000
5.320	31.250000
5.330	31.250000
5.340	31.250000
5.350	31.250000
5.360	31.250000
5.370	31.250000
5.380	31.250000
5.390	31.250000
5.400	31.250000
5.410	26.250000
5.420	20.000000
5.430	20.000000
5.440	20.000000
5.450	20.000000
5.460	20.000000
5.470	20.000000
5.480	20.000000
5.490	20.000000
5.500	15.000000
5.510	12.500000
5.520	6.250000
5.530	6.250000
5.540	6.250000
5.550	6.250000
5.560	6.250000
5.570	6.250000
5.580	6.250000
5.590	6.250000
5.600	6.250000
5.610	6.250000
5.620	6.250000
5.630	6.250000
5.640	6.250000
5.650	6.250000
5.660	6.250000
5.670	6.250000
5.680	6.250000
5.690	6.250000
5.700	6.250000
5.710	6.250000
5.720	6.250000
5.730	6.250000
5.740	6.250000
5.750	6.250000
5.760	6.250000
5.770	6.250000
5.780	6.250000
5.790	6.250000
5.800	6.250000
5.810	6.250000
5.820	6.250000
5.830	6.250000
5.840	6.250000
5.850	6.250000
5.860	6.250000
5.870	6.250000
5.880	6.250000
5.890	6.250000
5.900	6.250000
5.910	6.250000
5.920	6.250000
5.930	6.250000
5.940	6.250000
5.950	6.250000
5.960	6.250000
5.970	6.250000
5.980	6.250000
5.990	6.250000
6.000	6.250000
6.010	6.250000
6.020	6.250000
6.030	6.250000
6.040	4.375000
6.050	4.375000
6.060	4.375000
6.070	4.375000
6.080	2.500000
6.090	0.625000
6.100	-1.250000
6.110	-3.125000
6.120	-5.625000
6.130	-5.625000
6.140	-5.625000
6.150	-5.625000
6.160	-5.625000
6.170	-5.625000
6.180	-5.625000
6.190	-5.625000
6.200	-5.625000
6.210	-5.625000
6.220	-5.625000
6.230	-5.625000
6.240	-5.625000
6.250	-5.625000
6.260	-5.625000
6.270	-5.625000
6.280	-5.625000
6.290	-5.625000
6.300	-5.625000
6.310	-5.625000
6.320	-5.625000
6.330	-3.750000
6.340	-3.750000
6.350	-3.750000
6.360	-3.750000
6.370	-3.750000
6.380	-3.750000
6.390	-3.750000
6.400	-3.750000
6.410	-3.750000
6.420	-3.750000
6.430	-3.750000
6.440	-3.750000
6.450	-3.750000
6.460	-3.750000
6.470	-3.750000
6.480	-3.750000
6.490	-3.750000
6.500	-3.750000
6.510	-3.750000
6.520	-3.750000
6.530	-3.750000
6.540	-3.750000
6.550	-3.750000
6.560	-3.750000
6.570	-3.750000
6.580	-3.750000
6.590	-2.500000
6.600	3.750000
6.610	5.625000
6.620	5.625000
6.630	7.500000
6.640	11.250000
6.650	11.250000
6.660	12.500000
6.670	14.375000
6.680	14.375000
6.690	14.375000
6.700	14.375000
6.710	14.375000
6.720	14.375000
6.730	14.375000
6.740	14.375000
6.750	14.375000
6.760	14.375000
6.770	14.375000
6.780	16.250000
6.790	20.000000
6.800	20.000000
6.810	20.000000
6.820	20.000000
6.830	20.000000
6.840	20.625000
6.850	20.625000
6.860	20.625000
6.870	20.625000
6.880	20.625000
6.890	20.625000
6.900	20.625000
6.910	20.625000
6.920	20.625000
6.930	20.625000
6.940	20.625000
6.950	20.625000
6.960	20.625000
6.970	20.625000
6.980	20.625000
6.990	20.625000
7.000	20.625000
7.010	20.625000
7.020	20.625000
7.030	20.625000
7.040	20.625000
7.050	20.625000
7.060	20.625000
7.070	20.000000
7.080	18.125000
7.090	16.250000
7.100	13.125000
7.110	13.125000
7.120	13.125000
7.130	13.125000
7.140	13.125000
7.150	13.125000
7.160	13.125000
7.170	13.125000
7.180	13.125000
7.190	13.125000
7.200	13.125000
7.210	13.125000
7.220	13.125000
7.230	13.125000
7.240	13.125000
7.250	13.125000
7.260	13.125000
7.270	13.125000
7.280	13.125000
7.290	13.125000
7.300	13.125000
7.310	13.125000
7.320	13.125000
7.330	13.125000
7.340	13.125000
7.350	13.125000
7.360	13.125000
7.370	13.125000
7.380	13.125000
7.390	13.125000
7.400	13.125000
7.410	13.125000
7.420	13.125000
7.430	13.125000
7.440	13.125000
7.450	13.125000
7.460	13.125000
7.470	13.125000
7.480	14.375000
7.490	14.375000
7.500	14.375000
7.510	14.375000
7.520	14.375000
7.530	14.375000
7.540	14.375000
7.550	14.375000
7.560	14.375000
7.570	14.375000
7.580	14.375000
7.590	14.375000
7.600	14.375000
7.610	14.375000
7.620	14.375000
7.630	14.375000
7.640	14.375000
7.650	12.187500
7.660	11.250000
7.670	10.312500
7.680	10.312500
7.690	10.312500
7.700	10.312500
7.710	9.375000
7.720	8.437500
7.730	7.187500
7.740	5.000000
7.750	5.000000
7.760	5.000000
7.770	5.000000
7.780	5.000000
7.790	5.000000
7.800	5.000000
7.810	5.000000
7.820	5.000000
7.830	5.000000
7.840	5.000000
7.850	5.000000
7.860	5.000000
7.870	5.000000
7.880	5.000000
7.890	5.000000
7.900	5.000000
7.910	5.000000
7.920	5.000000
7.930	5.000000
7.940	5.000000
7.950	5.000000
7.960	5.000000
7.970	5.000000
7.980	5.000000
7.990	5.000000
8.000	5.000000
8.010	5.000000
8.020	5.000000
8.030	5.000000
8.040	5.000000
8.050	5.000000
8.060	5.000000
8.070	5.000000
8.080	5.000000
8.090	5.000000
8.100	5.000000
8.110	4.062500
8.120	4.062500
8.130	3.125000
8.140	2.812500
8.150	2.812500
8.160	2.812500
8.170	2.812500
8.180	2.812500
8.190	2.812500
8.200	2.812500
8.210	2.812500
8.220	2.812500
8.230	2.812500
8.240	2.812500
8.250	2.812500
8.260	2.812500
8.270	2.812500
8.280	2.812500
8.290	2.812500
8.300	2.812500
8.310	2.812500
8.320	2.812500
8.330	2.812500
8.340	2.812500
8.350	2.812500
8.360	2.812500
8.370	2.812500
8.380	2.812500
8.390	2.812500
8.400	2.812500
8.410	2.812500
8.420	2.812500
8.430	2.812500
8.440	2.812500
8.450	2.812500
8.460	2.812500
8.470	2.812500
8.480	2.812500
8.490	2.812500
8.500	2.812500
8.510	2.812500
8.520	2.812500
8.530	2.812500
8.540	2.812500
8.550	2.812500
8.560	2.812500
8.570	2.812500
8.580	2.812500
8.590	2.812500
8.600	2.812500
8.610	2.812500
8.620	2.812500
8.630	2.812500
8.640	2.812500
8.650	2.812500
8.660	2.812500
8.670	2.812500
8.680	2.812500
8.690	2.812500
8.700	2.500000
8.710	1.250000
8.720	1.250000
8.730	1.250000
8.740	0.625000
8.750	-0.312500
8.760	-1.250000
8.770	-1.250000
8.780	-1.250000
8.790	-1.250000
8.800	-1.250000
8.810	-1.250000
8.820	-1.250000
8.830	-1.250000
8.840	-1.250000
8.850	-1.250000
8.860	-1.250000
8.870	-1.250000
8.880	-1.250000
8.890	-1.250000
8.900	-1.250000
8.910	-1.250000
8.920	-1.250000
8.930	-1.250000
8.940	-1.250000
8.950	-1.250000
8.960	-1.250000
8.970	-1.250000
8.980	-1.250000
8.990	-1.250000
9.000	-1.250000
9.010	-1.250000
9.020	-1.250000
9.030	-1.250000
9.040	-1.250000
9.050	-1.250000
9.060	-1.250000
9.070	-1.250000
9.080	-1.250000
9.090	-1.250000
9.100	-1.250000
9.110	-1.250000
9.120	-1.250000
9.130	-1.250000
9.140	-1.250000
9.150	-1.250000
9.160	-1.250000
9.170	-1.875000
9.180	-3.750000
9.190	-3.750000
9.200	-3.750000
9.210	-3.750000
9.220	-3.750000
9.230	-3.750000
9.240	-3.750000
9.250	-5.312500
9.260	-6.250000
9.270	-7.187500
9.280	-7.812500
9.290	-7.812500
9.300	-8.750000
9.310	-10.937500
9.320	-11.562500
9.330	-11.562500
9.340	-11.562500
9.350	-11.562500
9.360	-11.562500
9.370	-11.562500
9.380	-14.062500
9.390	-14.062500
9.400	-14.062500
9.410	-14.062500
9.420	-14.062500
9.430	-14.062500
9.440	-14.062500
9.450	-14.062500
9.460	-14.062500
9.470	-14.062500
9.480	-14.062500
9.490	-14.062500
9.500	-14.062500
9.510	-14.062500
9.520	-14.062500
9.530	-14.062500
9.540	-14.062500
9.550	-14.062500
9.560	-14.062500
9.570	-14.062500
9.580	-14.062500
9.590	-14.062500
9.600	-12.812500
9.610	-11.875000
9.620	-11.875000
9.630	-11.562500
9.640	-9.687500
9.650	-9.062500
9.660	-7.500000
9.670	-7.500000
9.680	-6.875000
9.690	-6.875000
9.700	-6.875000
9.710	-6.875000
9.720	-6.875000
9.730	-6.875000
9.740	-6.875000
9.750	-6.875000
9.760	-6.875000
9.770	-6.875000
9.780	-6.875000
9.790	-6.875000
9.800	-6.875000
9.810	-6.875000
9.820	-6.875000
9.830	-6.875000
9.840	-6.875000
9.850	-6.875000
9.860	-6.875000
9.870	-6.875000
9.880	-6.875000
9.890	-6.875000
9.900	-6.875000
9.910	-6.875000
9.920	-6.875000
9.930	-6.875000
9.940	-6.875000
9.950	-6.875000
9.960	-6.875000
9.970	-6.875000
9.980	-6.875000
9.990	-6.875000
10.000	-6.875000
10.010	-6.875000
10.020	-6.875000
10.030	-6.875000
10.040	-6.875000
10.050	-6.875000
10.060	-6.875000
10.070	-6.875000
10.080	-6.875000
10.090	-6.875000
10.100	-6.875000
10.110	-6.875000
10.120	-6.875000
10.130	-6.875000
10.140	-6.875000
10.150	-6.875000
10.160	-6.875000
10.170	-6.875000
10.180	-6.875000
10.190	-6.875000
10.200	-6.875000
10.210	-6.875000
10.220	-6.875000
10.230	-6.875000
10.240	-6.875000
10.250	-6.875000
10.260	-6.875000
10.270	-6.875000
10.280	-6.875000
10.290	-6.875000
10.300	-6.875000
10.310	-6.875000
10.320	-6.875000
10.330	-6.875000
10.340	-7.187500
10.350	-7.187500
10.360	-7.812500
10.370	-7.812500
10.380	-7.812500
10.390	-7.812500
10.400	-7.812500
10.410	-7.812500
10.420	-7.812500
10.430	-8.750000
10.440	-9.375000
10.450	-10.937500
10.460	-10.937500
10.470	-10.937500
10.480	-10.937500
10.490	-10.937500
10.500	-10.937500
10.510	-10.937500
10.520	-10.937500
10.530	-10.937500
10.540	-10.937500
10.550	-10.937500
10.560	-10.937500
10.570	-10.937500
10.580	-10.937500
10.590	-10.937500
10.600	-10.937500
10.610	-10.937500
10.620	-10.937500
10.630	-10.937500
10.640	-10.937500
10.650	-10.937500
10.660	-10.937500
10.670	-10.937500
10.680	-10.937500
10.690	-10.937500
10.700	-10.937500
10.710	-10.937500
10.720	-10.937500
10.730	-10.937500
10.740	-10.937500
10.750	-10.937500
10.760	-10.937500
10.770	-10.937500
10.780	-10.937500
10.790	-10.937500
10.800	-10.937500
10.810	-10.937500
10.820	-10.937500
10.830	-10.937500
10.840	-10.937500
10.850	-10.937500
10.860	-10.937500
10.870	-10.937500
10.880	-10.937500
10.890	-10.937500
10.900	-10.937500
10.910	-10.937500
10.920	-10.937500
10.930	-10.937500
10.940	-10.937500
10.950	-10.937500
10.960	-10.937500
10.970	-10.312500
10.980	-7.812500
10.990	-6.250000
11.000	-6.250000
11.010	-6.250000
11.020	-6.250000
11.030	-5.312500
11.040	-5.312500
11.050	-2.812500
11.060	-2.812500
11.070	-2.812500
11.080	-2.812500
11.090	-2.812500
11.100	-2.812500
11.110	-2.812500
11.120	-1.562500
11.130	0.312500
11.140	0.937500
11.150	0.937500
11.160	0.937500
11.170	0.937500
11.180	0.937500
11.190	0.937500
11.200	1.250000
11.210	1.250000
11.220	1.250000
11.230	1.250000
11.240	1.250000
11.250	1.250000
11.260	1.250000
11.270	1.250000
11.280	1.250000
11.290	1.250000
11.300	1.250000
11.310	1.250000
11.320	1.250000
11.330	1.250000
11.340	1.250000
11.350	1.250000
11.360	1.250000
11.370	1.250000
11.380	1.250000
11.390	1.250000
11.400	1.250000
11.410	1.250000
11.420	1.250000
11.430	1.250000
11.440	1.250000
11.450	1.250000
11.460	1.250000
11.470	1.250000
11.480	1.250000
11.490	1.718750
11.500	2.500000
11.510	2.812500
11.520	2.812500
11.530	2.812500
11.540	3.437500
11.550	4.218750
11.560	4.531250
11.570	5.312500
11.580	6.250000
11.590	6.250000
11.600	6.250000
11.610	6.250000
11.620	6.250000
11.630	6.250000
11.640	6.250000
11.650	6.250000
11.660	6.250000
11.670	6.250000
11.680	6.250000
11.690	6.250000
11.700	6.250000
11.710	6.250000
11.720	6.250000
11.730	6.250000
11.740	6.250000
11.750	6.250000
11.760	6.250000
11.770	6.250000
11.780	6.250000
11.790	6.250000
11.800	6.250000
11.810	6.250000
11.820	6.250000
11.830	6.250000
11.840	6.250000
11.850	6.250000
11.860	6.250000
11.870	6.250000
11.880	6.250000
11.890	6.250000
11.900	6.250000
11.910	6.250000
11.920	6.250000
11.930	6.250000
11.940	6.250000
11.950	6.250000
11.960	6.250000
11.970	6.250000
11.980	6.250000
11.990	6.250000
12.000	6.250000
12.010	6.250000
12.020	6.250000
12.030	6.250000
12.040	6.250000
12.050	6.250000
12.060	6.250000
12.070	6.250000
12.080	6.250000
12.090	6.250000
12.100	6.250000
12.110	6.250000
12.120	6.250000
12.130	6.250000
12.140	6.250000
12.150	6.250000
12.160	6.250000
12.170	6.250000
12.180	6.250000
12.190	6.250000
12.200	6.250000
12.210	6.250000
12.220	6.250000
12.230	6.250000
12.240	6.250000
12.250	6.250000
12.260	6.250000
12.270	6.250000
12.280	6.250000
12.290	6.250000
12.300	6.250000
12.310	6.250000
12.320	6.250000
12.330	6.250000
12.340	6.250000
12.350	6.250000
12.360	6.250000
12.370	6.250000
12.380	6.250000
12.390	6.250000
12.400	6.250000
12.410	6.250000
12.420	6.250000
12.430	6.250000
12.440	6.250000
12.450	6.250000
12.460	6.250000
12.470	6.250000
12.480	6.250000
12.490	6.250000
12.500	6.250000
12.510	6.250000
12.520	6.250000
12.530	6.250000
12.540	6.250000
12.550	6.250000
12.560	6.250000
12.570	6.250000
12.580	6.250000
12.590	6.250000
12.600	6.250000
12.610	6.250000
12.620	6.250000
12.630	6.250000
12.640	6.250000
12.650	6.250000
12.660	6.250000
12.670	6.250000
12.680	6.250000
12.690	6.250000
12.700	6.250000
12.710	6.250000
12.720	6.093750
12.730	4.687500
12.740	3.906250
12.750	2.968750
12.760	2.968750
12.770	2.968750
12.780	2.968750
12.790	2.656250
12.800	2.656250
12.810	2.656250
12.820	1.875000
12.830	1.093750
12.840	1.093750
12.850	1.093750
12.860	1.093750
12.870	0.312500
12.880	-0.156250
12.890	-0.156250
12.900	-0.156250
12.910	-0.156250
12.920	-0.156250
12.930	-0.156250
12.940	-0.156250
12.950	-0.156250
12.960	-0.156250
12.970	-0.156250
12.980	-0.156250
12.990	-0.156250
13.000	-0.156250
13.010	-0.156250
13.020	-0.156250
13.030	-0.468750
13.040	-0.625000
13.050	-0.625000
13.060	-0.625000
13.070	-0.625000
13.080	-0.625000
13.090	-0.625000
13.100	-0.625000
13.110	-0.625000
13.120	-0.625000
13.130	-0.625000
13.140	-0.625000
13.150	-0.625000
13.160	-0.625000
13.170	-0.625000
13.180	-0.625000
13.190	-0.625000
13.200	-0.625000
13.210	-0.625000
13.220	-1.562500
13.230	-2.031250
13.240	-2.812500
13.250	-3.125000
13.260	-4.218750
13.270	-4.687500
13.280	-4.687500
13.290	-4.687500
13.300	-4.687500
13.310	-4.687500
13.320	-4.687500
13.330	-4.687500
13.340	-4.687500
13.350	-4.687500
13.360	-4.687500
13.370	-4.687500
13.380	-4.687500
13.390	-4.687500
13.400	-4.687500
13.410	-4.687500
13.420	-4.687500
13.430	-4.687500
13.440	-4.687500
13.450	-4.687500
13.460	-4.687500
13.470	-4.687500
13.480	-4.687500
13.490	-4.687500
13.500	-4.687500
13.510	-4.687500
13.520	-4.687500
13.530	-4.687500
13.540	-4.687500
13.550	-4.687500
13.560	-4.687500
13.570	-4.687500
13.580	-4.687500
13.590	-4.687500
13.600	-4.687500
13.610	-4.687500
13.620	-4.687500
13.630	-4.531250
13.640	-4.218750
13.650	-4.218750
13.660	-4.218750
13.670	-4.218750
13.680	-4.218750
13.690	-3.906250
13.700	-3.906250
13.710	-3.906250
13.720	-3.906250
13.730	-3.906250
13.740	-3.906250
13.750	-3.906250
13.760	-3.906250
13.770	-3.906250
13.780	-3.906250
13.790	-3.906250
13.800	-3.906250
13.810	-3.906250
13.820	-3.906250
13.830	-3.906250
13.840	-3.906250
13.850	-3.906250
13.860	-3.906250
13.870	-3.906250
13.880	-3.906250
13.890	-3.906250
13.900	-3.906250
13.910	-3.906250
13.920	-3.750000
13.930	-2.343750
13.940	-2.343750
13.950	-1.406250
13.960	-0.156250
13.970	0.156250
13.980	0.468750
13.990	0.937500
14.000	0.937500
14.010	0.937500
14.020	0.937500
14.030	0.937500
14.040	0.937500
14.050	0.937500
14.060	0.937500
14.070	0.937500
14.080	0.937500
14.090	0.937500
14.100	0.937500
14.110	0.937500
14.120	0.937500
14.130	0.937500
14.140	0.937500
14.150	0.937500
14.160	0.937500
14.170	0.937500
14.180	0.937500
14.190	0.937500
14.200	0.937500
14.210	0.937500
14.220	0.937500
14.230	0.937500
14.240	0.937500
14.250	0.937500
14.260	0.937500
14.270	0.937500
14.280	0.937500
14.290	0.468750
14.300	0.312500
14.310	0.312500
14.320	0.312500
14.330	0.312500
14.340	0.312500
14.350	0.312500
14.360	0.312500
14.370	0.312500
14.380	0.312500
14.390	0.312500
14.400	0.312500
14.410	0.312500
14.420	0.312500
14.430	0.312500
14.440	0.312500
14.450	0.312500
14.460	0.312500
14.470	0.312500
14.480	0.312500
14.490	0.312500
14.500	0.312500
14.510	0.312500
14.520	0.312500
14.530	0.312500
14.540	0.312500
14.550	0.312500
14.560	0.312500
14.570	0.312500
14.580	0.312500
14.590	0.312500
14.600	0.312500
14.610	0.312500
14.620	0.312500
14.630	0.312500
14.640	0.312500
14.650	0.312500
14.660	0.312500
14.670	0.312500
14.680	0.312500
14.690	0.312500
14.700	0.312500
14.710	0.312500
14.720	0.312500
14.730	0.312500
14.740	0.312500
14.750	0.312500
14.760	0.312500
14.770	0.312500
14.780	0.312500
14.790	0.312500
14.800	0.312500
14.810	0.312500
14.820	0.312500
14.830	0.312500
14.840	0.312500
14.850	0.312500
14.860	0.312500
14.870	0.312500
14.880	0.312500
14.890	0.312500
14.900	0.312500
14.910	0.312500
14.920	0.312500
14.930	0.312500
14.940	0.312500
14.950	0.312500
14.960	0.312500
14.970	0.468750
14.980	1.718750
14.990	1.718750
15.000	1.718750
15.010	1.718750
15.020	1.718750
15.030	1.718750
15.040	1.718750
15.050	1.718750
15.060	1.718750
15.070	1.718750
15.080	1.718750
15.090	1.718750
15.100	1.718750
15.110	1.718750
15.120	1.718750
15.130	1.718750
15.140	1.718750
15.150	1.718750
15.160	1.718750
15.170	2.031250
15.180	2.343750
15.190	3.281250
15.200	3.906250
15.210	4.218750
15.220	4.218750
15.230	4.218750
15.240	4.218750
15.250	4.218750
15.260	4.218750
15.270	4.218750
15.280	4.218750
15.290	4.218750
15.300	4.218750
15.310	5.156250
15.320	5.468750
15.330	6.093750
15.340	6.406250
15.350	7.031250
15.360	7.031250
15.370	7.031250
15.380	7.031250
15.390	7.500000
15.400	7.812500
15.410	7.812500
15.420	7.812500
15.430	8.593750
15.440	9.218750
15.450	9.687500
15.460	9.687500
15.470	9.687500
15.480	10.468750
15.490	10.468750
15.500	10.468750
15.510	10.468750
15.520	10.468750
15.530	10.468750
15.540	10.468750
15.550	10.468750
15.560	10.468750
15.570	10.468750
15.580	10.468750
15.590	10.468750
15.600	10.468750
15.610	10.468750
15.620	10.468750
15.630	10.468750
15.640	10.468750
15.650	10.468750
15.660	10.468750
15.670	10.468750
15.680	10.468750
15.690	10.468750
15.700	10.468750
15.710	10.468750
15.720	10.468750
15.730	10.468750
15.740	11.406250
15.750	11.406250
15.760	11.406250
15.770	11.406250
15.780	11.406250
15.790	11.406250
15.800	11.406250
15.810	11.406250
15.820	11.406250
15.830	11.406250
15.840	11.406250
15.850	11.406250
15.860	11.406250
15.870	11.718750
15.880	12.031250
15.890	12.031250
15.900	12.031250
15.910	12.031250
15.920	12.031250
15.930	12.031250
15.940	12.031250
15.950	12.031250
15.960	12.031250
15.970	12.031250
15.980	12.031250
15.990	12.031250
16.000	12.031250
16.010	12.031250
16.020	12.031250
16.030	12.031250
16.040	12.031250
16.050	12.031250
16.060	12.031250
16.070	12.031250
16.080	12.031250
16.090	12.031250
16.100	12.031250
16.110	12.031250
16.120	12.031250
16.130	12.031250
16.140	12.031250
16.150	12.031250
16.160	12.031250
16.170	12.031250
16.180	12.031250
16.190	12.031250
16.200	12.031250
16.210	12.031250
16.220	12.031250
16.230	12.031250
16.240	12.031250
16.250	12.031250
16.260	12.031250
16.270	12.031250
16.280	12.031250
16.290	12.031250
16.300	12.031250
16.310	12.031250
16.320	12.031250
16.330	12.031250
16.340	12.031250
16.350	12.031250
16.360	11.562500
16.370	10.468750
16.380	10.468750
16.390	9.687500
16.400	9.531250
16.410	9.531250
16.420	9.531250
16.430	9.531250
16.440	9.531250
16.450	9.531250
16.460	9.531250
16.470	9.531250
16.480	9.531250
16.490	9.531250
16.500	9.531250
16.510	9.531250
16.520	9.531250
16.530	9.531250
16.540	9.531250
16.550	9.531250
16.560	9.531250
16.570	9.531250
16.580	9.531250
16.590	9.531250
16.600	9.531250
16.610	9.531250
16.620	9.531250
16.630	9.531250
16.640	9.531250
16.650	9.531250
16.660	9.531250
16.670	9.531250
16.680	9.531250
16.690	9.531250
16.700	9.531250
16.710	9.531250
16.720	9.531250
16.730	9.531250
16.740	9.531250
16.750	9.531250
16.760	9.531250
16.770	9.531250
16.780	9.531250
16.790	9.531250
16.800	9.531250
16.810	9.531250
16.820	9.531250
16.830	9.531250
16.840	9.531250
16.850	9.531250
16.860	9.531250
16.870	9.531250
16.880	9.531250
16.890	9.531250
16.900	9.531250
16.910	9.531250
16.920	9.531250
16.930	9.531250
16.940	9.531250
16.950	9.531250
16.960	9.531250
16.970	9.531250
16.980	9.531250
16.990	9.531250
17.000	9.531250
17.010	9.531250
17.020	9.531250
17.030	9.531250
17.040	9.531250
17.050	9.531250
17.060	9.531250
17.070	9.531250
17.080	9.531250
17.090	9.531250
17.100	9.531250
17.110	9.531250
17.120	9.531250
17.130	9.531250
17.140	9.531250
17.150	9.531250
17.160	9.531250
17.170	9.531250
17.180	9.531250
17.190	9.531250
17.200	9.531250
17.210	9.531250
17.220	9.531250
17.230	8.750000
17.240	7.968750
17.250	7.421880
17.260	6.875000
17.270	6.875000
17.280	6.875000
17.290	6.875000
17.300	6.875000
17.310	6.875000
17.320	6.875000
17.330	6.484380
17.340	6.484380
17.350	6.484380
17.360	6.484380
17.370	6.484380
17.380	6.484380
17.390	6.484380
17.400	6.484380
17.410	6.484380
17.420	6.484380
17.430	6.484380
17.440	6.484380
17.450	6.484380
17.460	6.250000
17.470	5.781250
17.480	5.078120
17.490	4.609380
17.500	4.218750
17.510	4.218750
17.520	4.140620
17.530	4.062500
17.540	4.062500
17.550	4.062500
17.560	4.062500
17.570	4.062500
17.580	4.062500
17.590	4.062500
17.600	4.062500
17.610	4.062500
17.620	4.062500
17.630	4.062500
17.640	4.062500
17.650	4.062500
17.660	4.062500
17.670	4.062500
17.680	4.062500
17.690	4.062500
17.700	4.062500
17.710	4.062500
17.720	4.062500
17.730	4.062500
17.740	4.062500
17.750	4.062500
17.760	4.062500
17.770	4.062500
17.780	4.062500
17.790	3.906250
17.800	3.828120
17.810	3.828120
17.820	3.828120
17.830	3.828120
17.840	3.828120
17.850	3.828120
17.860	3.828120
17.870	3.828120
17.880	3.828120
17.890	3.671880
17.900	3.437500
17.910	3.437500
17.920	3.437500
17.930	3.437500
17.940	3.437500
17.950	3.437500
17.960	3.437500
17.970	3.437500
17.980	3.437500
17.990	3.437500
18.000	3.437500
18.010	3.437500
18.020	3.437500
18.030	3.437500
18.040	3.437500
18.050	3.437500
18.060	3.750000
18.070	4.296880
18.080	4.531250
18.090	4.531250
18.100	4.531250
18.110	4.531250
18.120	4.531250
18.130	4.531250
18.140	4.531250
18.150	4.687500
18.160	4.765620
18.170	4.843750
18.180	5.468750
18.190	5.859380
18.200	5.859380
18.210	5.859380
18.220	5.859380
18.230	5.859380
18.240	5.859380
18.250	5.859380
18.260	5.859380
18.270	5.859380
18.280	5.859380
18.290	5.859380
18.300	5.859380
18.310	5.859380
18.320	5.859380
18.330	5.859380
18.340	5.859380
18.350	5.859380
18.360	5.859380
18.370	5.859380
18.380	5.859380
18.390	5.859380
18.400	5.859380
18.410	5.859380
18.420	5.859380
18.430	5.859380
18.440	5.859380
18.450	5.859380
18.460	5.859380
18.470	5.859380
18.480	5.859380
18.490	5.859380
18.500	5.859380
18.510	5.859380
18.520	5.859380
18.530	5.859380
18.540	5.859380
18.550	5.859380
18.560	5.859380
18.570	5.859380
18.580	5.859380
18.590	5.859380
18.600	5.859380
18.610	5.859380
18.620	5.859380
18.630	5.859380
18.640	5.859380
18.650	5.859380
18.660	5.859380
18.670	5.859380
18.680	5.859380
18.690	5.859380
18.700	5.859380
18.710	5.859380
18.720	5.859380
18.730	5.859380
18.740	5.859380
18.750	5.859380
18.760	5.859380
18.770	5.859380
18.780	5.859380
18.790	5.859380
18.800	5.859380
18.810	5.859380
18.820	5.859380
18.830	5.859380
18.840	5.859380
18.850	5.859380
18.860	5.859380
18.870	5.859380
18.880	5.859380
18.890	5.859380
18.900	5.859380
18.910	5.859380
18.920	5.859380
18.930	5.859380
18.940	5.859380
18.950	5.859380
18.960	5.859380
18.970	5.859380
18.980	5.859380
18.990	5.859380
19.000	5.859380
19.010	5.859380
19.020	5.859380
19.030	5.859380
19.040	5.859380
19.050	5.859380
19.060	5.859380
19.070	5.859380
19.080	5.859380
19.090	5.859380
19.100	5.781250
19.110	5.390620
19.120	5.000000
19.130	4.921880
19.140	4.921880
19.150	4.531250
19.160	4.531250
19.170	4.531250
19.180	4.531250
19.190	4.531250
19.200	4.531250
19.210	4.531250
19.220	4.531250
19.230	4.531250
19.240	4.218750
19.250	3.593750
19.260	2.968750
19.270	2.500000
19.280	2.109380
19.290	1.875000
19.300	1.796880
19.310	1.796880
19.320	1.796880
19.330	1.796880
19.340	1.796880
19.350	1.796880
19.360	1.484380
19.370	1.171880
19.380	1.093750
19.390	1.093750
19.400	1.093750
19.410	1.093750
19.420	1.093750
19.430	1.093750
19.440	1.093750
19.450	1.093750
19.460	1.093750
19.470	1.093750
19.480	1.093750
19.490	1.093750
19.500	1.093750
19.510	1.093750
19.520	1.093750
19.530	1.093750
19.540	1.093750
19.550	1.093750
19.560	1.093750
19.570	1.093750
19.580	1.093750
19.590	1.093750
19.600	1.093750
19.610	1.093750
19.620	1.093750
19.630	1.093750
19.640	1.093750
19.650	1.093750
19.660	1.093750
19.670	1.093750
19.680	1.093750
19.690	1.406250
19.700	1.562500
19.710	1.562500
19.720	1.562500
19.730	1.562500
19.740	1.562500
19.750	1.562500
19.760	1.875000
19.770	2.343750
19.780	2.578120
19.790	2.578120
19.800	2.578120
19.810	2.578120
19.820	2.578120
19.830	2.578120
19.840	2.578120
19.850	2.578120
19.860	2.578120
19.870	2.578120
19.880	2.578120
19.890	2.578120
19.900	2.578120
19.910	2.578120
19.920	2.578120
19.930	2.578120
19.940	2.578120
19.950	2.578120
19.960	2.578120
19.970	2.578120
19.980	2.578120
19.990	2.578120
20.000	2.578120
20.010	2.578120
20.020	2.578120
20.030	2.578120
20.040	2.656250
20.050	3.046880
20.060	3.359380
20.070	3.671880
20.080	3.671880
20.090	3.671880
20.100	3.671880
20.110	3.671880
20.120	3.671880
20.130	3.671880
20.140	3.671880
20.150	3.671880
20.160	3.671880
20.170	3.671880
20.180	3.671880
20.190	3.671880
20.200	3.671880
20.210	3.671880
20.220	3.671880
20.230	3.671880
20.240	3.671880
20.250	3.671880
20.260	3.671880
20.270	3.671880
20.280	3.671880
20.290	3.671880
20.300	3.671880
20.310	3.671880
20.320	3.671880
20.330	3.671880
20.340	3.671880
20.350	3.671880
20.360	3.671880
20.370	3.671880
20.380	3.671880
20.390	3.671880
20.400	3.671880
20.410	3.671880
20.420	3.671880
20.430	3.671880
20.440	3.671880
20.450	3.671880
20.460	3.671880
20.470	3.671880
20.480	3.671880
20.490	3.671880
20.500	3.671880
20.510	3.671880
20.520	3.671880
20.530	3.671880
20.540	3.671880
20.550	3.671880
20.560	3.671880
20.570	3.671880
20.580	3.671880
20.590	3.671880
20.600	3.671880
20.610	3.671880
20.620	3.437500
20.630	3.046880
20.640	2.968750
20.650	2.656250
20.660	2.656250
20.670	2.656250
20.680	2.656250
20.690	2.656250
20.700	2.343750
20.710	2.265620
20.720	2.265620
20.730	2.265620
20.740	2.265620
20.750	2.265620
20.760	2.187500
20.770	2.031250
20.780	1.718750
20.790	1.328120
20.800	0.781250
20.810	0.390620
20.820	0.390620
20.830	0.390620
20.840	0.390620
20.850	-0.156250
20.860	-0.156250
20.870	-0.156250
20.880	-0.156250
20.890	-0.546880
20.900	-0.546880
20.910	-0.546880
20.920	-0.546880
20.930	-0.546880
20.940	-0.546880
20.950	-0.546880
20.960	-0.546880
20.970	-0.546880
20.980	-0.546880
20.990	-0.546880
21.000	-0.546880
21.010	-0.546880
21.020	-0.546880
21.030	-0.546880
21.040	-0.546880
21.050	-0.546880
21.060	-0.546880
21.070	-0.546880
21.080	-0.546880
21.090	-0.546880
21.100	-0.546880
21.110	-0.546880
21.120	-0.546880
21.130	-0.546880
21.140	-0.546880
21.150	-0.546880
21.160	-0.546880
21.170	-0.546880
21.180	-0.546880
21.190	-0.546880
21.200	-0.546880
21.210	-0.546880
21.220	-0.546880
21.230	-0.546880
21.240	-0.546880
21.250	-0.546880
21.260	-0.546880
21.270	-0.546880
21.280	-0.546880
21.290	-0.546880
21.300	-0.546880
21.310	-0.546880
21.320	-0.546880
21.330	-0.546880
21.340	-0.546880
21.350	-0.546880
21.360	-0.546880
21.370	-0.546880
21.380	-0.546880
21.390	-0.546880
21.400	-0.546880
21.410	-0.546880
21.420	-0.546880
21.430	-0.312500
21.440	0.078120
21.450	0.234380
21.460	0.468750
21.470	0.703120
21.480	0.703120
21.490	0.703120
21.500	0.703120
21.510	0.937500
21.520	1.406250
21.530	1.484380
21.540	1.718750
21.550	1.718750
21.560	1.718750
21.570	2.031250
21.580	2.265620
21.590	2.421880
21.600	2.421880
21.610	2.421880
21.620	2.421880
21.630	2.734380
21.640	2.968750
21.650	2.968750
21.660	2.968750
21.670	2.968750
21.680	2.968750
21.690	2.968750
21.700	2.968750
21.710	2.968750
21.720	2.968750
21.730	2.968750
21.740	2.968750
21.750	3.359380
21.760	3.359380
21.770	3.359380
21.780	3.359380
21.790	3.359380
21.800	3.359380
21.810	3.359380
21.820	3.359380
21.830	3.359380
21.840	3.359380
21.850	3.359380
21.860	3.359380
21.870	3.359380
21.880	3.359380
21.890	3.593750
21.900	4.296880
21.910	4.296880
21.920	4.453120
21.930	4.531250
21.940	4.531250
21.950	4.531250
21.960	4.531250
21.970	4.531250
21.980	4.531250
21.990	4.531250
22.000	4.531250
22.010	4.531250
22.020	4.531250
22.030	4.531250
22.040	4.531250
22.050	4.531250
22.060	4.531250
22.070	4.531250
22.080	4.531250
22.090	4.531250
22.100	4.531250
22.110	4.531250
22.120	4.531250
22.130	4.531250
22.140	4.531250
22.150	4.531250
22.160	4.531250
22.170	4.531250
22.180	4.531250
22.190	4.531250
22.200	4.531250
22.210	4.531250
22.220	4.531250
22.230	4.531250
22.240	4.531250
22.250	4.531250
22.260	4.531250
22.270	4.531250
22.280	4.531250
22.290	4.531250
22.300	4.531250
22.310	4.531250
22.320	4.531250
22.330	4.531250
22.340	4.531250
22.350	4.531250
22.360	4.531250
22.370	4.531250
22.380	4.531250
22.390	4.531250
22.400	4.531250
22.410	4.531250
22.420	4.296880
22.430	4.296880
22.440	4.296880
22.450	3.984380
22.460	3.437500
22.470	3.203120
22.480	2.656250
22.490	2.656250
22.500	2.656250
22.510	2.656250
22.520	2.656250
22.530	2.656250
22.540	2.656250
22.550	2.656250
22.560	2.656250
22.570	2.656250
22.580	2.656250
22.590	2.656250
22.600	2.656250
22.610	2.656250
22.620	2.656250
22.630	2.656250
22.640	2.656250
22.650	2.656250
22.660	2.656250
22.670	2.656250
22.680	2.656250
22.690	2.656250
22.700	2.656250
22.710	2.656250
22.720	2.656250
22.730	2.656250
22.740	2.656250
22.750	2.656250
22.760	2.656250
22.770	2.656250
22.780	2.656250
22.790	2.656250
22.800	2.656250
22.810	2.656250
22.820	2.656250
22.830	2.656250
22.840	2.656250
22.850	2.656250
22.860	2.656250
22.870	2.656250
22.880	2.656250
22.890	2.656250
22.900	2.656250
22.910	2.656250
22.920	2.656250
22.930	2.656250
22.940	2.656250
22.950	2.656250
22.960	2.656250
22.970	2.656250
22.980	2.656250
22.990	2.656250
23.000	2.656250
23.010	2.656250
23.020	2.656250
23.030	2.578120
23.040	2.500000
23.050	2.500000
23.060	2.421880
23.070	2.421880
23.080	2.421880
23.090	2.421880
23.100	2.421880
23.110	2.421880
23.120	2.421880
23.130	2.421880
23.140	2.421880
23.150	2.421880
23.160	2.421880
23.170	2.421880
23.180	2.421880
23.190	2.421880
23.200	2.421880
23.210	2.421880
23.220	2.421880
23.230	2.421880
23.240	2.421880
23.250	2.421880
23.260	2.421880
23.270	2.421880
23.280	2.421880
23.290	2.421880
23.300	2.421880
23.310	2.421880
23.320	2.421880
23.330	2.421880
23.340	2.421880
23.350	2.421880
23.360	2.421880
23.370	2.421880
23.380	2.421880
23.390	2.421880
23.400	2.421880
23.410	2.421880
23.420	2.421880
23.430	2.421880
23.440	2.421880
23.450	2.421880
23.460	2.421880
23.470	2.421880
23.480	2.421880
23.490	2.421880
23.500	2.421880
23.510	2.421880
23.520	2.421880
23.530	2.421880
23.540	2.421880
23.550	2.421880
23.560	2.500000
23.570	2.578120
23.580	2.656250
23.590	2.968750
23.600	3.125000
23.610	3.125000
23.620	3.125000
23.630	3.125000
23.640	3.125000
23.650	3.125000
23.660	3.125000
23.670	3.125000
23.680	3.125000
23.690	3.125000
23.700	3.125000
23.710	3.125000
23.720	3.125000
23.730	3.125000
23.740	3.125000
23.750	3.125000
23.760	3.125000
23.770	3.125000
23.780	3.125000
23.790	3.125000
23.800	3.125000
23.810	3.125000
23.820	3.125000
23.830	2.734380
23.840	2.734380
23.850	2.734380
23.860	2.734380
23.870	2.734380
23.880	2.265620
23.890	1.953120
23.900	1.796880
23.910	1.406250
23.920	0.937500
23.930	0.625000
23.940	0.625000
23.950	0.625000
23.960	0.625000
23.970	0.625000
23.980	0.625000
23.990	0.625000
24.000	0.625000
24.010	0.625000
24.020	0.625000
24.030	0.625000
24.040	0.625000
24.050	0.625000
24.060	0.625000
24.070	0.625000
24.080	0.625000
24.090	0.625000
24.100	0.625000
24.110	0.625000
24.120	0.625000
24.130	0.625000
24.140	0.625000
24.150	0.625000
24.160	0.546880
24.170	0.234380
24.180	0.000000
24.190	0.000000
24.200	-0.078120
24.210	-0.390620
24.220	-0.937500
24.230	-1.250000
24.240	-1.250000
24.250	-1.250000
24.260	-1.250000
24.270	-1.250000
24.280	-1.250000
24.290	-1.250000
24.300	-1.250000
24.310	-1.250000
24.320	-1.250000
24.330	-1.250000
24.340	-1.250000
24.350	-1.250000
24.360	-1.250000
24.370	-1.718750
24.380	-1.718750
24.390	-1.953120
24.400	-2.187500
24.410	-2.187500
24.420	-2.187500
24.430	-2.187500
24.440	-2.187500
24.450	-2.187500
24.460	-2.187500
24.470	-2.187500
24.480	-2.187500
24.490	-2.187500
24.500	-2.187500
24.510	-2.187500
24.520	-2.187500
24.530	-2.187500
24.540	-2.187500
24.550	-2.187500
24.560	-2.187500
24.570	-2.187500
24.580	-2.187500
24.590	-2.187500
24.600	-2.187500
24.610	-2.187500
24.620	-2.187500
24.630	-2.187500
24.640	-2.187500
24.650	-2.187500
24.660	-2.187500
24.670	-2.187500
24.680	-2.187500
24.690	-2.187500
24.700	-2.187500
24.710	-2.187500
24.720	-2.187500
24.730	-2.187500
24.740	-2.187500
24.750	-2.187500
24.760	-2.187500
24.770	-2.187500
24.780	-2.187500
24.790	-2.187500
24.800	-2.187500
24.810	-2.187500
24.820	-2.187500
24.830	-2.187500
24.840	-2.187500
24.850	-2.187500
24.860	-2.187500
24.870	-2.187500
24.880	-2.187500
24.890	-2.187500
24.900	-2.187500
24.910	-2.187500
24.920	-2.187500
24.930	-2.187500
24.940	-2.187500
24.950	-2.187500
24.960	-2.187500
24.970	-2.187500
24.980	-2.187500
24.990	-2.187500
25.000	-2.187500
25.010	-2.187500
25.020	-2.109380
25.030	-2.109380
25.040	-1.796880
25.050	-1.406250
25.060	-1.250000
25.070	-1.250000
25.080	-1.250000
25.090	-1.250000
25.100	-1.250000
25.110	-1.250000
25.120	-1.250000
25.130	-1.250000
25.140	-1.250000
25.150	-1.250000
25.160	-1.250000
25.170	-1.250000
25.180	-1.250000
25.190	-1.250000
25.200	-1.250000
25.210	-1.250000
25.220	-1.250000
25.230	-1.250000
25.240	-1.250000
25.250	-1.250000
25.260	-1.250000
25.270	-1.250000
25.280	-1.250000
25.290	-1.250000
25.300	-1.250000
25.310	-1.250000
25.320	-1.250000
25.330	-1.250000
25.340	-1.250000
25.350	-1.250000
25.360	-1.250000
25.370	-1.250000
25.380	-1.328120
25.390	-1.328120
25.400	-1.328120
25.410	-1.328120
25.420	-1.328120
25.430	-1.562500
25.440	-1.796880
25.450	-1.875000
25.460	-1.875000
25.470	-1.953120
25.480	-2.578120
25.490	-3.046880
25.500	-3.203120
25.510	-3.203120
25.520	-3.203120
25.530	-3.203120
25.540	-3.203120
25.550	-3.203120
25.560	-3.203120
25.570	-3.203120
25.580	-3.203120
25.590	-3.203120
25.600	-3.203120
25.610	-3.203120
25.620	-3.203120
25.630	-3.203120
25.640	-3.203120
25.650	-3.203120
25.660	-3.203120
25.670	-3.203120
25.680	-3.203120
25.690	-3.203120
25.700	-3.203120
25.710	-3.203120
25.720	-3.203120
25.730	-3.203120
25.740	-3.203120
25.750	-3.203120
25.760	-3.203120
25.770	-3.203120
25.780	-3.203120
25.790	-3.203120
25.800	-3.203120
25.810	-3.203120
25.820	-3.203120
25.830	-3.203120
25.840	-3.203120
25.850	-3.203120
25.860	-3.203120
25.870	-3.203120
25.880	-3.203120
25.890	-3.203120
25.900	-3.203120
25.910	-3.203120
25.920	-3.203120
25.930	-3.203120
25.940	-3.203120
25.950	-3.203120
25.960	-3.203120
25.970	-3.203120
25.980	-3.203120
25.990	-3.203120
26.000	-3.203120
26.010	-3.203120
26.020	-3.203120
26.030	-3.203120
26.040	-3.203120
26.050	-3.203120
26.060	-3.203120
26.070	-3.203120
26.080	-3.203120
26.090	-3.203120
26.100	-3.203120
26.110	-3.203120
26.120	-3.203120
26.130	-3.203120
26.140	-3.203120
26.150	-3.203120
26.160	-3.203120
26.170	-3.203120
26.180	-3.203120
26.190	-3.203120
26.200	-3.203120
26.210	-3.203120
26.220	-3.203120
26.230	-3.203120
26.240	-3.203120
26.250	-3.203120
26.260	-3.203120
26.270	-3.203120
26.280	-3.203120
26.290	-3.203120
26.300	-3.203120
26.310	-3.203120
26.320	-2.656250
26.330	-2.187500
26.340	-2.109380
26.350	-2.109380
26.360	-2.109380
26.370	-1.875000
26.380	-1.796880
26.390	-1.796880
26.400	-1.796880
26.410	-1.718750
26.420	-1.718750
26.430	-1.718750
26.440	-1.015620
26.450	-0.546880
26.460	-0.078120
26.470	0.156250
26.480	0.156250
26.490	0.156250
26.500	0.156250
26.510	0.156250
26.520	0.156250
26.530	0.156250
26.540	0.156250
26.550	0.156250
26.560	0.156250
26.570	0.156250
26.580	0.156250
26.590	0.156250
26.600	0.156250
26.610	0.156250
26.620	0.156250
26.630	0.156250
26.640	0.156250
26.650	0.156250
26.660	0.156250
26.670	0.156250
26.680	0.156250
26.690	0.312500
26.700	0.859380
26.710	1.171880
26.720	1.718750
26.730	1.718750
26.740	1.718750
26.750	1.718750
26.760	1.953120
26.770	2.656250
26.780	2.890620
26.790	2.929690
26.800	3.085940
26.810	3.203120
26.820	3.203120
26.830	3.203120
26.840	3.203120
26.850	3.203120
26.860	3.203120
26.870	3.203120
26.880	3.203120
26.890	3.203120
26.900	3.203120
26.910	3.203120
26.920	3.203120
26.930	3.203120
26.940	3.203120
26.950	3.203120
26.960	3.203120
26.970	3.203120
26.980	3.203120
26.990	3.203120
27.000	3.203120
27.010	3.203120
27.020	3.203120
27.030	3.203120
27.040	3.203120
27.050	3.203120
27.060	3.203120
27.070	3.203120
27.080	3.203120
27.090	3.203120
27.100	3.203120
27.110	3.203120
27.120	3.203120
27.130	3.203120
27.140	3.203120
27.150	3.203120
27.160	3.203120
27.170	3.203120
27.180	3.203120
27.190	3.203120
27.200	3.203120
27.210	3.203120
27.220	3.203120
27.230	3.203120
27.240	3.203120
27.250	3.203120
27.260	3.203120
27.270	3.203120
27.280	3.203120
27.290	3.203120
27.300	3.203120
27.310	3.203120
27.320	3.203120
27.330	3.203120
27.340	3.203120
27.350	3.203120
27.360	3.203120
27.370	3.203120
27.380	3.203120
27.390	3.203120
27.400	3.203120
27.410	3.203120
27.420	3.203120
27.430	3.203120
27.440	3.203120
27.450	3.203120
27.460	3.203120
27.470	3.203120
27.480	3.203120
27.490	3.203120
27.500	3.203120
27.510	3.203120
27.520	3.007810
27.530	2.890620
27.540	2.890620
27.550	2.890620
27.560	2.812500
27.570	2.773440
27.580	2.773440
27.590	2.773440
27.600	2.773440
27.610	2.773440
27.620	2.773440
27.630	2.773440
27.640	2.773440
27.650	2.773440
27.660	2.656250
27.670	2.343750
27.680	2.148440
27.690	2.148440
27.700	2.148440
27.710	2.148440
27.720	2.148440
27.730	2.148440
27.740	2.148440
27.750	2.148440
27.760	2.148440
27.770	2.148440
27.780	2.148440
27.790	2.148440
27.800	2.148440
27.810	2.148440
27.820	2.148440
27.830	2.148440
27.840	2.148440
27.850	2.148440
27.860	2.148440
27.870	2.148440
27.880	2.148440
27.890	2.148440
27.900	2.148440
27.910	2.148440
27.920	2.148440
27.930	2.148440
27.940	2.148440
27.950	2.148440
27.960	2.148440
27.970	2.148440
27.980	2.148440
27.990	2.148440
28.000	2.148440
28.010	2.148440
28.020	2.148440
28.030	2.148440
28.040	2.148440
28.050	2.148440
28.060	2.148440
28.070	2.148440
28.080	2.148440
28.090	2.148440
28.100	2.148440
28.110	2.148440
28.120	2.148440
28.130	2.148440
28.140	2.148440
28.150	2.148440
28.160	2.148440
28.170	2.148440
28.180	2.031250
28.190	2.031250
28.200	1.953120
28.210	1.718750
28.220	1.718750
28.230	1.640620
28.240	1.523440
28.250	1.523440
28.260	1.523440
28.270	1.523440
28.280	1.523440
28.290	1.523440
28.300	1.523440
28.310	1.523440
28.320	1.445310
28.330	1.445310
28.340	1.445310
28.350	1.445310
28.360	1.367190
28.370	1.367190
28.380	1.367190
28.390	1.367190
28.400	1.289060
28.410	1.093750
28.420	0.820310
28.430	0.703120
28.440	0.703120
28.450	0.703120
28.460	0.703120
28.470	0.703120
28.480	0.703120
28.490	0.703120
28.500	0.703120
28.510	0.703120
28.520	0.703120
28.530	0.703120
28.540	0.703120
28.550	0.703120
28.560	0.703120
28.570	0.703120
28.580	0.703120
28.590	0.703120
28.600	0.703120
28.610	0.703120
28.620	0.703120
28.630	0.703120
28.640	0.703120
28.650	0.703120
28.660	0.703120
28.670	0.703120
28.680	0.703120
28.690	0.703120
28.700	0.703120
28.710	0.703120
28.720	0.703120
28.730	0.703120
28.740	0.703120
28.750	0.703120
28.760	0.703120
28.770	0.703120
28.780	0.703120
28.790	0.703120
28.800	0.703120
28.810	0.703120
28.820	0.703120
28.830	0.703120
28.840	0.703120
28.850	0.703120
28.860	0.703120
28.870	0.703120
28.880	0.703120
28.890	0.703120
28.900	0.703120
28.910	0.703120
28.920	0.703120
28.930	0.703120
28.940	0.703120
28.950	0.703120
28.960	0.703120
28.970	0.703120
28.980	0.703120
28.990	0.703120
29.000	0.703120
29.010	0.703120
29.020	0.703120
29.030	0.703120
29.040	0.703120
29.050	0.703120
29.060	0.703120
29.070	0.703120
29.080	0.703120
29.090	0.703120
29.100	0.703120
29.110	0.703120
29.120	0.703120
29.130	0.703120
29.140	0.703120
29.150	0.703120
29.160	0.703120
29.170	0.703120
29.180	0.703120
29.190	0.703120
29.200	0.703120
29.210	0.703120
29.220	0.703120
29.230	0.703120
29.240	0.703120
29.250	0.703120
29.260	0.703120
29.270	0.703120
29.280	0.703120
29.290	0.703120
29.300	0.703120
29.310	0.703120
29.320	0.703120
29.330	0.703120
29.340	0.703120
29.350	0.703120
29.360	0.703120
29.370	0.703120
29.380	0.703120
29.390	0.703120
29.400	0.703120
29.410	0.703120
29.420	0.703120
29.430	0.703120
29.440	0.703120
29.450	0.703120
29.460	0.703120
29.470	0.703120
29.480	0.703120
29.490	0.703120
29.500	0.703120
29.510	0.703120
29.520	0.703120
29.530	0.703120
29.540	0.703120
29.550	0.703120
29.560	0.703120
29.570	0.703120
29.580	0.703120
29.590	0.703120
29.600	0.703120
29.610	0.703120
29.620	0.703120
29.630	0.703120
29.640	0.703120
29.650	0.703120
29.660	0.703120
29.670	0.703120
29.680	0.742190
29.690	0.742190
29.700	0.898440
29.710	0.976560
29.720	0.976560
29.730	0.976560
29.740	0.976560
29.750	0.976560
29.760	0.976560
29.770	0.976560
29.780	1.015620
29.790	1.132810
29.800	1.132810
29.810	1.132810
29.820	1.132810
29.830	1.132810
29.840	1.132810
29.850	1.132810
29.860	1.132810
29.870	1.132810
29.880	1.132810
29.890	1.132810
29.900	1.132810
29.910	1.132810
29.920	1.132810
29.930	1.132810
29.940	1.132810
29.950	1.132810
29.960	1.132810
29.970	1.132810
29.980	1.132810
29.990	1.132810
30.000	1.132810
30.010	1.132810
30.020	1.132810
30.030	1.132810
30.040	1.132810
30.050	1.132810
30.060	1.132810
30.070	1.132810
30.080	1.289060
30.090	1.289060
30.100	1.523440
30.110	1.601560
30.120	1.640620
30.130	1.835940
30.140	1.835940
30.150	1.835940
30.160	1.835940
30.170	1.835940
30.180	1.835940
30.190	1.835940
30.200	1.835940
30.210	1.835940
30.220	1.835940
30.230	1.835940
30.240	1.953120
30.250	1.953120
30.260	2.070310
30.270	2.070310
30.280	2.070310
30.290	2.148440
30.300	2.421880
30.310	2.617190
30.320	2.851560
30.330	2.929690
30.340	3.085940
30.350	3.085940
30.360	3.085940
30.370	3.085940
30.380	3.085940
30.390	3.164060
30.400	3.242190
30.410	3.242190
30.420	3.359380
30.430	3.359380
30.440	3.398440
30.450	3.437500
30.460	3.750000
30.470	3.828120
30.480	3.828120
30.490	3.828120
30.500	3.828120
30.510	3.828120
30.520	3.828120
30.530	3.828120
30.540	3.828120
30.550	3.828120
30.560	3.828120
30.570	3.828120
30.580	3.828120
30.590	3.828120
30.600	3.828120
30.610	3.828120
30.620	3.828120
30.630	3.828120
30.640	3.828120
30.650	3.828120
30.660	3.828120
30.670	3.828120
30.680	3.828120
30.690	3.828120
30.700	3.828120
30.710	3.828120
30.720	3.828120
30.730	3.828120
30.740	3.828120
30.750	3.828120
30.760	3.828120
30.770	3.828120
30.780	3.828120
30.790	3.828120
30.800	3.828120
30.810	3.828120
30.820	3.828120
30.830	3.828120
30.840	3.828120
30.850	3.828120
30.860	3.828120
30.870	3.828120
30.880	3.828120
30.890	3.828120
30.900	3.828120
30.910	3.828120
30.920	3.828120
30.930	3.828120
30.940	3.828120
30.950	3.828120
30.960	3.828120
30.970	3.828120
30.980	3.828120
30.990	3.828120
31.000	3.828120
31.010	3.828120
31.020	3.828120
31.030	3.828120
31.040	3.828120
31.050	3.828120
31.060	3.828120
31.070	3.828120
31.080	3.828120
31.090	3.828120
31.100	3.828120
31.110	3.828120
31.120	3.828120
31.130	3.906250
31.140	4.023440
31.150	4.257810
31.160	4.257810
31.170	4.257810
31.180	4.257810
31.190	4.257810
31.200	4.257810
31.210	4.257810
31.220	4.257810
31.230	4.257810
31.240	4.375000
31.250	4.648440
31.260	4.882810
31.270	5.000000
31.280	5.234380
31.290	5.234380
31.300	5.234380
31.310	5.234380
31.320	5.234380
31.330	5.234380
31.340	5.234380
31.350	5.234380
31.360	5.234380
31.370	5.234380
31.380	5.234380
31.390	5.234380
31.400	5.234380
31.410	5.234380
31.420	5.234380
31.430	5.234380
31.440	5.273440
31.450	5.273440
31.460	5.273440
31.470	5.273440
31.480	5.273440
31.490	5.273440
31.500	5.273440
31.510	5.468750
31.520	5.546880
31.530	5.585940
31.540	5.585940
31.550	5.585940
31.560	5.585940
31.570	5.585940
31.580	5.585940
31.590	5.585940
31.600	5.585940
31.610	5.585940
31.620	5.585940
31.630	5.585940
31.640	5.585940
31.650	5.585940
31.660	5.585940
31.670	5.585940
31.680	5.585940
31.690	5.585940
31.700	5.585940
31.710	5.585940
31.720	5.585940
31.730	5.585940
31.740	5.585940
31.750	5.585940
31.760	5.585940
31.770	5.585940
31.780	5.585940
31.790	5.585940
31.800	5.585940
31.810	5.585940
31.820	5.585940
31.830	5.585940
31.840	5.585940
31.850	5.585940
31.860	5.585940
31.870	5.585940
31.880	5.585940
31.890	5.585940
31.900	5.585940
31.910	5.585940
31.920	5.585940
31.930	5.585940
31.940	5.585940
31.950	5.585940
31.960	5.585940
31.970	5.585940
31.980	5.585940
31.990	5.585940
32.000	5.585940
32.010	5.585940
32.020	5.585940
32.030	5.585940
32.040	5.585940
32.050	5.585940
32.060	5.585940
32.070	5.585940
32.080	5.585940
32.090	5.585940
32.100	5.585940
32.110	5.585940
32.120	5.585940
32.130	5.585940
32.140	5.585940
32.150	5.585940
32.160	5.585940
32.170	5.585940
32.180	5.585940
32.190	5.585940
32.200	5.585940
32.210	5.585940
32.220	5.585940
32.230	5.585940
32.240	5.585940
32.250	5.585940
32.260	5.585940
32.270	5.585940
32.280	5.585940
32.290	5.585940
32.300	5.585940
32.310	5.585940
32.320	5.585940
32.330	5.585940
32.340	5.585940
32.350	5.585940
32.360	5.585940
32.370	5.585940
32.380	5.585940
32.390	5.585940
32.400	5.585940
32.410	5.585940
32.420	5.585940
32.430	5.585940
32.440	5.585940
32.450	5.585940
32.460	5.585940
32.470	5.585940
32.480	5.585940
32.490	5.585940
32.500	5.585940
32.510	5.585940
32.520	5.585940
32.530	5.585940
32.540	5.585940
32.550	5.585940
32.560	5.585940
32.570	5.585940
32.580	5.546880
32.590	5.468750
32.600	5.156250
32.610	4.921880
32.620	4.726560
32.630	4.648440
32.640	4.648440
32.650	4.648440
32.660	4.648440
32.670	4.648440
32.680	4.648440
32.690	4.648440
32.700	4.648440
32.710	4.648440
32.720	4.648440
32.730	4.648440
32.740	4.648440
32.750	4.648440
32.760	4.648440
32.770	4.648440
32.780	4.648440
32.790	4.648440
32.800	4.648440
32.810	4.648440
32.820	4.648440
32.830	4.648440
32.840	4.648440
32.850	4.648440
32.860	4.648440
32.870	4.648440
32.880	4.648440
32.890	4.648440
32.900	4.648440
32.910	4.648440
32.920	4.648440
32.930	4.648440
32.940	4.648440
32.950	4.648440
32.960	4.648440
32.970	4.648440
32.980	4.648440
32.990	4.648440
33.000	4.648440
33.010	4.648440
33.020	4.648440
33.030	4.648440
33.040	4.648440
33.050	4.648440
33.060	4.648440
33.070	4.648440
33.080	4.648440
33.090	4.648440
33.100	4.648440
33.110	4.648440
33.120	4.648440
33.130	4.648440
33.140	4.648440
33.150	4.648440
33.160	4.648440
33.170	4.648440
33.180	4.648440
33.190	4.648440
33.200	4.648440
33.210	4.648440
33.220	4.648440
33.230	4.648440
33.240	4.648440
33.250	4.648440
33.260	4.648440
33.270	4.648440
33.280	4.648440
33.290	4.648440
33.300	4.648440
33.310	4.648440
33.320	4.648440
33.330	4.648440
33.340	4.648440
33.350	4.648440
33.360	4.648440
33.370	4.648440
33.380	4.648440
33.390	4.648440
33.400	4.648440
33.410	4.648440
33.420	4.648440
33.430	4.648440
33.440	4.648440
33.450	4.648440
33.460	4.648440
33.470	4.648440
33.480	4.648440
33.490	4.648440
33.500	4.648440
33.510	4.648440
33.520	4.648440
33.530	4.648440
33.540	4.648440
33.550	4.648440
33.560	4.648440
33.570	4.648440
33.580	4.648440
33.590	4.648440
33.600	4.648440
33.610	4.648440
33.620	4.648440
33.630	4.648440
33.640	4.648440
33.650	4.648440
33.660	4.648440
33.670	4.648440
33.680	4.648440
33.690	4.648440
33.700	4.648440
33.710	4.648440
33.720	4.648440
33.730	4.648440
33.740	4.648440
33.750	4.648440
33.760	4.648440
33.770	4.648440
33.780	4.648440
33.790	4.648440
33.800	4.648440
33.810	4.648440
33.820	4.648440
33.830	4.648440
33.840	4.648440
33.850	4.648440
33.860	4.648440
33.870	4.648440
33.880	4.648440
33.890	4.648440
33.900	4.648440
33.910	4.648440
33.920	4.648440
33.930	4.648440
33.940	4.648440
33.950	4.648440
33.960	4.648440
33.970	4.648440
33.980	4.648440
33.990	4.648440
34.000	4.648440
34.010	4.648440
34.020	4.648440
34.030	4.648440
34.040	4.648440
34.050	4.648440
34.060	4.648440
34.070	4.648440
34.080	4.648440
34.090	4.648440
34.100	4.648440
34.110	4.648440
34.120	4.648440
34.130	4.648440
34.140	4.531250
34.150	4.257810
34.160	4.101560
34.170	3.984380
34.180	3.945310
34.190	3.750000
34.200	3.750000
34.210	3.750000
34.220	3.750000
34.230	3.476560
34.240	3.281250
34.250	3.125000
34.260	3.085940
34.270	2.968750
34.280	2.968750
34.290	2.968750
34.300	2.968750
34.310	2.968750
34.320	2.968750
34.330	2.968750
34.340	2.968750
34.350	2.968750
34.360	2.968750
34.370	2.968750
34.380	2.968750
34.390	2.968750
34.400	2.968750
34.410	2.968750
34.420	2.968750
34.430	2.968750
34.440	2.968750
34.450	2.968750
34.460	2.968750
34.470	2.968750
34.480	2.968750
34.490	2.968750
34.500	2.968750
34.510	2.968750
34.520	2.968750
34.530	2.968750
34.540	2.968750
34.550	2.968750
34.560	2.968750
34.570	2.968750
34.580	2.929690
34.590	2.929690
34.600	2.929690
34.610	2.929690
34.620	2.929690
34.630	2.929690
34.640	2.929690
34.650	2.929690
34.660	2.929690
34.670	2.929690
34.680	2.929690
34.690	2.929690
34.700	2.929690
34.710	2.929690
34.720	2.929690
34.730	2.929690
34.740	2.929690
34.750	2.929690
34.760	2.929690
34.770	2.929690
34.780	2.929690
34.790	2.929690
34.800	2.929690
34.810	2.929690
34.820	2.929690
34.830	2.929690
34.840	2.929690
34.850	2.929690
34.860	2.929690
34.870	2.929690
34.880	2.929690
34.890	2.929690
34.900	2.929690
34.910	2.929690
34.920	2.929690
34.930	2.929690
34.940	2.929690
34.950	2.929690
34.960	2.929690
34.970	2.929690
34.980	2.929690
34.990	2.929690
35.000	2.929690
35.010	2.929690
35.020	2.929690
35.030	2.929690
35.040	2.929690
35.050	2.929690
35.060	2.929690
35.070	2.929690
35.080	2.929690
35.090	2.929690
35.100	2.929690
35.110	2.929690
35.120	2.929690
35.130	2.929690
35.140	2.929690
35.150	2.929690
35.160	2.929690
35.170	2.929690
35.180	2.929690
35.190	2.929690
35.200	2.929690
35.210	2.929690
35.220	2.929690
35.230	2.929690
35.240	2.929690
35.250	2.929690
35.260	2.929690
35.270	2.929690
35.280	2.929690
35.290	2.929690
35.300	2.929690
35.310	2.929690
35.320	2.929690
35.330	2.929690
35.340	2.929690
35.350	2.929690
35.360	2.929690
35.370	2.929690
35.380	2.929690
35.390	2.929690
35.400	2.929690
35.410	2.929690
35.420	2.929690
35.430	2.929690
35.440	2.929690
35.450	2.929690
35.460	2.929690
35.470	2.812500
35.480	2.617190
35.490	2.617190
35.500	2.500000
35.510	2.500000
35.520	2.500000
35.530	2.382810
35.540	2.382810
35.550	2.382810
35.560	2.382810
35.570	2.382810
35.580	2.382810
35.590	2.187500
35.600	2.187500
35.610	2.187500
35.620	2.187500
35.630	2.187500
35.640	2.187500
35.650	2.187500
35.660	2.187500
35.670	2.187500
35.680	2.187500
35.690	2.187500
35.700	2.187500
35.710	2.187500
35.720	2.187500
35.730	2.187500
35.740	2.187500
35.750	2.187500
35.760	2.187500
35.770	2.187500
35.780	2.187500
35.790	2.187500
35.800	2.187500
35.810	2.187500
35.820	2.187500
35.830	2.187500
35.840	2.187500
35.850	2.187500
35.860	2.187500
35.870	2.187500
35.880	2.187500
35.890	2.187500
35.900	2.187500
35.910	2.187500
35.920	2.187500
35.930	2.187500
35.940	2.187500
35.950	2.187500
35.960	2.187500
35.970	2.187500
35.980	2.187500
35.990	2.187500
36.000	2.187500
36.010	2.187500
36.020	2.187500
36.030	2.187500
36.040	2.187500
36.050	2.187500
36.060	2.187500
36.070	2.187500
36.080	2.187500
36.090	2.187500
36.100	2.187500
36.110	2.187500
36.120	2.187500
36.130	2.187500
36.140	2.187500
36.150	2.187500
36.160	2.187500
36.170	2.187500
36.180	2.187500
36.190	2.187500
36.200	2.187500
36.210	2.187500
36.220	2.187500
36.230	2.187500
36.240	2.187500
36.250	2.187500
36.260	2.187500
36.270	2.187500
36.280	2.187500
36.290	2.187500
36.300	2.187500
36.310	2.187500
36.320	2.187500
36.330	2.187500
36.340	2.187500
36.350	2.187500
36.360	2.187500
36.370	2.187500
36.380	2.187500
36.390	2.187500
36.400	2.187500
36.410	2.187500
36.420	2.187500
36.430	2.421880
36.440	2.460940
36.450	2.460940
36.460	2.460940
36.470	2.460940
36.480	2.500000
36.490	2.500000
36.500	2.500000
36.510	2.500000
36.520	2.500000
36.530	2.734380
36.540	2.851560
36.550	2.851560
36.560	2.851560
36.570	2.851560
36.580	2.851560
36.590	2.851560
36.600	2.851560
36.610	2.851560
36.620	2.851560
36.630	2.851560
36.640	2.851560
36.650	2.851560
36.660	2.851560
36.670	2.851560
36.680	2.851560
36.690	2.851560
36.700	2.851560
36.710	2.851560
36.720	2.851560
36.730	2.851560
36.740	2.851560
36.750	2.851560
36.760	2.851560
36.770	2.851560
36.780	2.851560
36.790	2.851560
36.800	2.851560
36.810	2.851560
36.820	2.851560
36.830	2.851560
36.840	2.851560
36.850	2.851560
36.860	2.851560
36.870	2.851560
36.880	2.851560
36.890	2.851560
36.900	2.851560
36.910	3.085940
36.920	3.359380
36.930	3.515620
36.940	3.789060
36.950	4.062500
36.960	4.101560
36.970	4.179690
36.980	4.257810
36.990	4.257810
37.000	4.257810
37.010	4.257810
37.020	4.257810
37.030	4.257810
37.040	4.257810
37.050	4.257810
37.060	4.257810
37.070	4.257810
37.080	4.257810
37.090	4.257810
37.100	4.257810
37.110	4.257810
37.120	4.257810
37.130	4.257810
37.140	4.257810
37.150	4.257810
37.160	4.257810
37.170	4.257810
37.180	4.257810
37.190	4.257810
37.200	4.257810
37.210	4.257810
37.220	4.257810
37.230	4.257810
37.240	4.257810
37.250	4.257810
37.260	4.257810
37.270	4.257810
37.280	4.257810
37.290	4.257810
37.300	4.257810
37.310	4.257810
37.320	4.257810
37.330	4.257810
37.340	4.257810
37.350	4.257810
37.360	4.257810
37.370	4.257810
37.380	4.257810
37.390	4.257810
37.400	4.257810
37.410	4.257810
37.420	4.257810
37.430	4.257810
37.440	4.257810
37.450	4.257810
37.460	4.257810
37.470	4.257810
37.480	4.257810
37.490	4.257810
37.500	4.257810
37.510	4.257810
37.520	4.257810
37.530	4.257810
37.540	4.257810
37.550	4.257810
37.560	4.257810
37.570	4.257810
37.580	4.335940
37.590	4.609380
37.600	4.726560
37.610	4.804690
37.620	4.804690
37.630	4.804690
37.640	4.804690
37.650	4.804690
37.660	4.843750
37.670	5.039060
37.680	5.195310
37.690	5.195310
37.700	5.195310
37.710	5.195310
37.720	5.195310
37.730	5.195310
37.740	5.195310
37.750	5.195310
37.760	5.195310
37.770	5.195310
37.780	5.195310
37.790	5.195310
37.800	5.195310
37.810	5.195310
37.820	5.195310
37.830	5.195310
37.840	5.195310
37.850	5.312500
37.860	5.312500
37.870	5.546880
37.880	5.546880
37.890	5.546880
37.900	5.546880
37.910	5.546880
37.920	5.703120
37.930	5.820310
37.940	5.859380
37.950	5.937500
37.960	5.937500
37.970	5.937500
37.980	5.937500
37.990	6.054690
38.000	6.210940
38.010	6.289060
38.020	6.289060
38.030	6.289060
38.040	6.289060
38.050	6.289060
38.060	6.406250
38.070	6.562500
38.080	6.562500
38.090	6.562500
38.100	6.562500
38.110	6.562500
38.120	6.562500
38.130	6.562500
38.140	6.562500
38.150	6.562500
38.160	6.562500
38.170	6.562500
38.180	6.562500
38.190	6.562500
38.200	6.562500
38.210	6.562500
38.220	6.562500
38.230	6.562500
38.240	6.562500
38.250	6.562500
38.260	6.562500
38.270	6.679690
38.280	6.679690
38.290	6.679690
38.300	6.679690
38.310	6.679690
38.320	6.679690
38.330	6.679690
38.340	6.679690
38.350	6.679690
38.360	6.679690
38.370	6.679690
38.380	6.679690
38.390	6.679690
38.400	6.679690
38.410	6.679690
38.420	6.757810
38.430	6.757810
38.440	6.757810
38.450	6.757810
38.460	6.757810
38.470	6.914060
38.480	7.070310
38.490	7.109380
38.500	7.109380
38.510	7.109380
38.520	7.109380
38.530	7.109380
38.540	7.109380
38.550	7.109380
38.560	7.109380
38.570	7.109380
38.580	7.109380
38.590	7.109380
38.600	7.109380
38.610	7.109380
38.620	7.109380
38.630	7.109380
38.640	7.109380
38.650	7.109380
38.660	7.109380
38.670	7.109380
38.680	7.109380
38.690	7.109380
38.700	7.109380
38.710	7.109380
38.720	7.109380
38.730	7.109380
38.740	7.109380
38.750	7.109380
38.760	7.109380
38.770	7.187500
38.780	7.265620
38.790	7.265620
38.800	7.265620
38.810	7.265620
38.820	7.421880
38.830	7.695310
38.840	7.851560
38.850	7.929690
38.860	8.046880
38.870	8.203120
38.880	8.203120
38.890	8.398440
38.900	8.476560
38.910	8.476560
38.920	8.476560
38.930	8.515620
38.940	8.515620
38.950	8.593750
38.960	8.867190
38.970	8.867190
38.980	8.867190
38.990	8.867190
39.000	8.867190
39.010	8.867190
39.020	8.867190
39.030	8.867190
39.040	8.867190
39.050	8.867190
39.060	8.867190
39.070	8.984380
39.080	9.218750
39.090	9.257810
39.100	9.531250
39.110	9.531250
39.120	9.531250
39.130	9.531250
39.140	9.531250
39.150	9.531250
39.160	9.531250
39.170	9.531250
39.180	9.531250
39.190	9.531250
39.200	9.609380
39.210	9.609380
39.220	9.648440
39.230	9.921880
39.240	10.039060
39.250	10.078120
39.260	10.156250
39.270	10.156250
39.280	10.156250
39.290	10.468750
39.300	10.468750
39.310	10.468750
39.320	10.468750
39.330	10.468750
39.340	10.468750
39.350	10.468750
39.360	10.468750
39.370	10.468750
39.380	10.468750
39.390	10.468750
39.400	10.468750
39.410	10.468750
39.420	10.468750
39.430	10.468750
39.440	10.468750
39.450	10.468750
39.460	10.468750
39.470	10.468750
39.480	10.468750
39.490	10.468750
39.500	10.468750
39.510	10.468750
39.520	10.468750
39.530	10.468750
39.540	10.468750
39.550	10.468750
39.560	10.468750
39.570	10.664060
39.580	10.742190
39.590	10.742190
39.600	10.898440
39.610	11.015620
39.620	11.015620
39.630	11.015620
39.640	11.015620
39.650	11.015620
39.660	11.015620
39.670	11.015620
39.680	11.015620
39.690	11.015620
39.700	11.015620
39.710	11.015620
39.720	11.015620
39.730	11.015620
39.740	11.015620
39.750	11.015620
39.760	11.015620
39.770	11.015620
39.780	11.015620
39.790	11.015620
39.800	11.015620
39.810	11.015620
39.820	11.015620
39.830	11.015620
39.840	11.015620
39.850	11.015620
39.860	11.015620
39.870	11.015620
39.880	11.015620
39.890	11.015620
39.900	11.015620
39.910	11.015620
39.920	11.015620
39.930	11.015620
39.940	11.015620
39.950	11.015620
39.960	11.015620
39.970	11.015620
39.980	11.015620
39.990	10.937500
40.000	10.859380
