# time_in_ns	wl_increment_in_kT
0.000	10.000000
0.010	10.000000
0.020	10.000000
0.030	10.000000
0.040	10.000000
0.050	10.000000
0.060	10.000000
0.070	10.000000
0.080	10.000000
0.090	10.000000
0.100	10.000000
0.110	10.000000
0.120	10.000000
0.130	10.000000
0.140	10.000000
0.150	10.000000
0.160	10.000000
0.170	10.000000
0.180	10.000000
0.190	10.000000
0.200	10.000000
0.210	10.000000
0.220	10.000000
0.230	10.000000
0.240	10.000000
0.250	10.000000
0.260	10.000000
0.270	10.000000
0.280	10.000000
0.290	10.000000
0.300	10.000000
0.310	10.000000
0.320	10.000000
0.330	10.000000
0.340	10.000000
0.350	10.000000
0.360	10.000000
0.370	10.000000
0.380	10.000000
0.390	10.000000
0.400	10.000000
0.410	10.000000
0.420	10.000000
0.430	10.000000
0.440	10.000000
0.450	10.000000
0.460	10.000000
0.470	10.000000
0.480	10.000000
0.490	10.000000
0.500	10.000000
0.510	10.000000
0.520	10.000000
0.530	10.000000
0.540	10.000000
0.550	10.000000
0.560	10.000000
0.570	10.000000
0.580	10.000000
0.590	10.000000
0.600	10.000000
0.610	10.000000
0.620	10.000000
0.630	10.000000
0.640	10.000000
0.650	10.000000
0.660	10.000000
0.670	10.000000
0.680	10.000000
0.690	10.000000
0.700	10.000000
0.710	10.000000
0.720	10.000000
0.730	10.000000
0.740	10.000000
0.750	10.000000
0.760	10.000000
0.770	10.000000
0.780	10.000000
0.790	10.000000
0.800	10.000000
0.810	10.000000
0.820	10.000000
0.830	10.000000
0.840	10.000000
0.850	10.000000
0.860	10.000000
0.870	10.000000
0.880	10.000000
0.890	10.000000
0.900	10.000000
0.910	10.000000
0.920	10.000000
0.930	10.000000
0.940	10.000000
0.950	10.000000
0.960	5.000000
0.970	5.000000
0.980	5.000000
0.990	5.000000
1.000	5.000000
1.010	5.000000
1.020	5.000000
1.030	5.000000
1.040	5.000000
1.050	5.000000
1.060	5.000000
1.070	5.000000
1.080	5.000000
1.090	5.000000
1.100	5.000000
1.110	5.000000
1.120	5.000000
1.130	5.000000
1.140	5.000000
1.150	5.000000
1.160	5.000000
1.170	5.000000
1.180	5.000000
1.190	5.000000
1.200	5.000000
1.210	5.000000
1.220	5.000000
1.230	5.000000
1.240	5.000000
1.250	5.000000
1.260	5.000000
1.270	5.000000
1.280	5.000000
1.290	5.000000
1.300	5.000000
1.310	5.000000
1.320	5.000000
1.330	5.000000
1.340	5.000000
1.350	5.000000
1.360	5.000000
1.370	5.000000
1.380	5.000000
1.390	5.000000
1.400	5.000000
1.410	5.000000
1.420	5.000000
1.430	5.000000
1.440	5.000000
1.450	5.000000
1.460	5.000000
1.470	5.000000
1.480	5.000000
1.490	5.000000
1.500	5.000000
1.510	5.000000
1.520	5.000000
1.530	5.000000
1.540	5.000000
1.550	5.000000
1.560	5.000000
1.570	5.000000
1.580	5.000000
1.590	5.000000
1.600	5.000000
1.610	5.000000
1.620	5.000000
1.630	5.000000
1.640	5.000000
1.650	5.000000
1.660	5.000000
1.670	5.000000
1.680	5.000000
1.690	5.000000
1.700	5.000000
1.710	5.000000
1.720	5.000000
1.730	5.000000
1.740	5.000000
1.750	5.000000
1.760	5.000000
1.770	5.000000
1.780	5.000000
1.790	5.000000
1.800	5.000000
1.810	5.000000
1.820	5.000000
1.830	5.000000
1.840	5.000000
1.850	5.000000
1.860	5.000000
1.870	5.000000
1.880	5.000000
1.890	5.000000
1.900	5.000000
1.910	5.000000
1.920	5.000000
1.930	5.000000
1.940	5.000000
1.950	5.000000
1.960	5.000000
1.970	5.000000
1.980	5.000000
1.990	5.000000
2.000	5.000000
2.010	5.000000
2.020	5.000000
2.030	5.000000
2.040	5.000000
2.050	5.000000
2.060	5.000000
2.070	5.000000
2.080	5.000000
2.090	5.000000
2.100	5.000000
2.110	5.000000
2.120	5.000000
2.130	5.000000
2.140	5.000000
2.150	5.000000
2.160	5.000000
2.170	5.000000
2.180	5.000000
2.190	5.000000
2.200	5.000000
2.210	5.000000
2.220	5.000000
2.230	5.000000
2.240	5.000000
2.250	5.000000
2.260	5.000000
2.270	5.000000
2.280	5.000000
2.290	5.000000
2.300	5.000000
2.310	5.000000
2.320	5.000000
2.330	5.000000
2.340	5.000000
2.350	5.000000
2.360	5.000000
2.370	5.000000
2.380	5.000000
2.390	5.000000
2.400	5.000000
2.410	5.000000
2.420	5.000000
2.430	5.000000
2.440	5.000000
2.450	5.000000
2.460	5.000000
2.470	5.000000
2.480	5.000000
2.490	5.000000
2.500	5.000000
2.510	5.000000
2.520	5.000000
2.530	5.000000
2.540	5.000000
2.550	5.000000
2.560	5.000000
2.570	5.000000
2.580	5.000000
2.590	5.000000
2.600	5.000000
2.610	5.000000
2.620	5.000000
2.630	5.000000
2.640	5.000000
2.650	2.500000
2.660	2.500000
2.670	2.500000
2.680	2.500000
2.690	2.500000
2.700	2.500000
2.710	2.500000
2.720	2.500000
2.730	2.500000
2.740	2.500000
2.750	2.500000
2.760	2.500000
2.770	2.500000
2.780	2.500000
2.790	2.500000
2.800	2.500000
2.810	2.500000
2.820	2.500000
2.830	2.500000
2.840	2.500000
2.850	2.500000
2.860	2.500000
2.870	2.500000
2.880	2.500000
2.890	2.500000
2.900	2.500000
2.910	2.500000
2.920	2.500000
2.930	2.500000
2.940	2.500000
2.950	2.500000
2.960	2.500000
2.970	2.500000
2.980	2.500000
2.990	2.500000
3.000	2.500000
3.010	2.500000
3.020	2.500000
3.030	2.500000
3.040	2.500000
3.050	2.500000
3.060	2.500000
3.070	2.500000
3.080	2.500000
3.090	2.500000
3.100	2.500000
3.110	2.500000
3.120	2.500000
3.130	2.500000
3.140	2.500000
3.150	2.500000
3.160	2.500000
3.170	2.500000
3.180	2.500000
3.190	2.500000
3.200	2.500000
3.210	2.500000
3.220	2.500000
3.230	2.500000
3.240	2.500000
3.250	2.500000
3.260	2.500000
3.270	2.500000
3.280	2.500000
3.290	2.500000
3.300	2.500000
3.310	2.500000
3.320	2.500000
3.330	2.500000
3.340	2.500000
3.350	2.500000
3.360	2.500000
3.370	2.500000
3.380	2.500000
3.390	2.500000
3.400	2.500000
3.410	2.500000
3.420	2.500000
3.430	2.500000
3.440	2.500000
3.450	2.500000
3.460	2.500000
3.470	2.500000
3.480	2.500000
3.490	2.500000
3.500	2.500000
3.510	2.500000
3.520	2.500000
3.530	2.500000
3.540	2.500000
3.550	2.500000
3.560	2.500000
3.570	2.500000
3.580	2.500000
3.590	2.500000
3.600	2.500000
3.610	2.500000
3.620	2.500000
3.630	2.500000
3.640	2.500000
3.650	2.500000
3.660	2.500000
3.670	2.500000
3.680	2.500000
3.690	2.500000
3.700	2.500000
3.710	2.500000
3.720	2.500000
3.730	2.500000
3.740	2.500000
3.750	2.500000
3.760	2.500000
3.770	2.500000
3.780	2.500000
3.790	2.500000
3.800	2.500000
3.810	2.500000
3.820	2.500000
3.830	2.500000
3.840	2.500000
3.850	2.500000
3.860	2.500000
3.870	2.500000
3.880	2.500000
3.890	2.500000
3.900	2.500000
3.910	2.500000
3.920	2.500000
3.930	2.500000
3.940	2.500000
3.950	2.500000
3.960	2.500000
3.970	2.500000
3.980	2.500000
3.990	2.500000
4.000	2.500000
4.010	2.500000
4.020	2.500000
4.030	2.500000
4.040	2.500000
4.050	2.500000
4.060	2.500000
4.070	2.500000
4.080	2.500000
4.090	2.500000
4.100	2.500000
4.110	2.500000
4.120	2.500000
4.130	2.500000
4.140	2.500000
4.150	2.500000
4.160	2.500000
4.170	2.500000
4.180	2.500000
4.190	2.500000
4.200	2.500000
4.210	2.500000
4.220	2.500000
4.230	2.500000
4.240	2.500000
4.250	2.500000
4.260	2.500000
4.270	2.500000
4.280	2.500000
4.290	2.500000
4.300	2.500000
4.310	2.500000
4.320	2.500000
4.330	2.500000
4.340	2.500000
4.350	2.500000
4.360	2.500000
4.370	2.500000
4.380	2.500000
4.390	2.500000
4.400	2.500000
4.410	2.500000
4.420	2.500000
4.430	2.500000
4.440	2.500000
4.450	2.500000
4.460	2.500000
4.470	2.500000
4.480	2.500000
4.490	2.500000
4.500	2.500000
4.510	2.500000
4.520	2.500000
4.530	2.500000
4.540	2.500000
4.550	2.500000
4.560	2.500000
4.570	2.500000
4.580	2.500000
4.590	2.500000
4.600	2.500000
4.610	2.500000
4.620	2.500000
4.630	2.500000
4.640	2.500000
4.650	2.500000
4.660	2.500000
4.670	1.250000
4.680	1.250000
4.690	1.250000
4.700	1.250000
4.710	1.250000
4.720	1.250000
4.730	1.250000
4.740	1.250000
4.750	1.250000
4.760	1.250000
4.770	1.250000
4.780	1.250000
4.790	1.250000
4.800	1.250000
4.810	1.250000
4.820	1.250000
4.830	1.250000
4.840	1.250000
4.850	1.250000
4.860	1.250000
4.870	1.250000
4.880	1.250000
4.890	1.250000
4.900	1.250000
4.910	1.250000
4.920	1.250000
4.930	1.250000
4.940	1.250000
4.950	1.250000
4.960	1.250000
4.970	1.250000
4.980	1.250000
4.990	1.250000
5.000	1.250000
5.010	1.250000
5.020	1.250000
5.030	1.250000
5.040	1.250000
5.050	1.250000
5.060	1.250000
5.070	1.250000
5.080	1.250000
5.090	1.250000
5.100	1.250000
5.110	1.250000
5.120	1.250000
5.130	1.250000
5.140	1.250000
5.150	1.250000
5.160	1.250000
5.170	1.250000
5.180	1.250000
5.190	1.250000
5.200	1.250000
5.210	1.250000
5.220	1.250000
5.230	1.250000
5.240	1.250000
5.250	1.250000
5.260	1.250000
5.270	1.250000
5.280	1.250000
5.290	1.250000
5.300	1.250000
5.310	1.250000
5.320	1.250000
5.330	1.250000
5.340	1.250000
5.350	1.250000
5.360	1.250000
5.370	1.250000
5.380	1.250000
5.390	1.250000
5.400	1.250000
5.410	1.250000
5.420	1.250000
5.430	1.250000
5.440	1.250000
5.450	1.250000
5.460	1.250000
5.470	1.250000
5.480	1.250000
5.490	1.250000
5.500	1.250000
5.510	1.250000
5.520	1.250000
5.530	1.250000
5.540	1.250000
5.550	1.250000
5.560	1.250000
5.570	1.250000
5.580	1.250000
5.590	1.250000
5.600	1.250000
5.610	1.250000
5.620	1.250000
5.630	1.250000
5.640	1.250000
5.650	1.250000
5.660	1.250000
5.670	1.250000
5.680	1.250000
5.690	1.250000
5.700	1.250000
5.710	1.250000
5.720	1.250000
5.730	1.250000
5.740	1.250000
5.750	1.250000
5.760	1.250000
5.770	1.250000
5.780	1.250000
5.790	1.250000
5.800	1.250000
5.810	1.250000
5.820	1.250000
5.830	1.250000
5.840	1.250000
5.850	1.250000
5.860	1.250000
5.870	1.250000
5.880	1.250000
5.890	1.250000
5.900	1.250000
5.910	1.250000
5.920	1.250000
5.930	1.250000
5.940	1.250000
5.950	1.250000
5.960	1.250000
5.970	1.250000
5.980	1.250000
5.990	1.250000
6.000	1.250000
6.010	1.250000
6.020	1.250000
6.030	1.250000
6.040	1.250000
6.050	1.250000
6.060	1.250000
6.070	1.250000
6.080	1.250000
6.090	1.250000
6.100	1.250000
6.110	1.250000
6.120	1.250000
6.130	1.250000
6.140	1.250000
6.150	1.250000
6.160	1.250000
6.170	1.250000
6.180	1.250000
6.190	1.250000
6.200	1.250000
6.210	1.250000
6.220	1.250000
6.230	1.250000
6.240	1.250000
6.250	1.250000
6.260	1.250000
6.270	1.250000
6.280	1.250000
6.290	1.250000
6.300	1.250000
6.310	1.250000
6.320	1.250000
6.330	1.250000
6.340	1.250000
6.350	1.250000
6.360	1.250000
6.370	1.250000
6.380	1.250000
6.390	1.250000
6.400	1.250000
6.410	1.250000
6.420	1.250000
6.430	1.250000
6.440	1.250000
6.450	1.250000
6.460	1.250000
6.470	1.250000
6.480	1.250000
6.490	1.250000
6.500	1.250000
6.510	1.250000
6.520	1.250000
6.530	1.250000
6.540	1.250000
6.550	1.250000
6.560	1.250000
6.570	1.250000
6.580	1.250000
6.590	1.250000
6.600	1.250000
6.610	1.250000
6.620	1.250000
6.630	1.250000
6.640	1.250000
6.650	1.250000
6.660	1.250000
6.670	1.250000
6.680	1.250000
6.690	1.250000
6.700	1.250000
6.710	1.250000
6.720	1.250000
6.730	1.250000
6.740	1.250000
6.750	1.250000
6.760	1.250000
6.770	1.250000
6.780	1.250000
6.790	1.250000
6.800	1.250000
6.810	1.250000
6.820	1.250000
6.830	1.250000
6.840	1.250000
6.850	1.250000
6.860	1.250000
6.870	1.250000
6.880	1.250000
6.890	1.250000
6.900	1.250000
6.910	1.250000
6.920	1.250000
6.930	1.250000
6.940	1.250000
6.950	1.250000
6.960	1.250000
6.970	0.625000
6.980	0.625000
6.990	0.625000
7.000	0.625000
7.010	0.625000
7.020	0.625000
7.030	0.625000
7.040	0.625000
7.050	0.625000
7.060	0.625000
7.070	0.625000
7.080	0.625000
7.090	0.625000
7.100	0.625000
7.110	0.625000
7.120	0.625000
7.130	0.625000
7.140	0.625000
7.150	0.625000
7.160	0.625000
7.170	0.625000
7.180	0.625000
7.190	0.625000
7.200	0.625000
7.210	0.625000
7.220	0.625000
7.230	0.625000
7.240	0.625000
7.250	0.625000
7.260	0.625000
7.270	0.625000
7.280	0.625000
7.290	0.625000
7.300	0.625000
7.310	0.625000
7.320	0.625000
7.330	0.625000
7.340	0.625000
7.350	0.625000
7.360	0.625000
7.370	0.625000
7.380	0.625000
7.390	0.625000
7.400	0.625000
7.410	0.625000
7.420	0.625000
7.430	0.625000
7.440	0.625000
7.450	0.625000
7.460	0.625000
7.470	0.625000
7.480	0.625000
7.490	0.625000
7.500	0.625000
7.510	0.625000
7.520	0.625000
7.530	0.625000
7.540	0.625000
7.550	0.625000
7.560	0.625000
7.570	0.625000
7.580	0.625000
7.590	0.625000
7.600	0.625000
7.610	0.625000
7.620	0.625000
7.630	0.625000
7.640	0.625000
7.650	0.625000
7.660	0.625000
7.670	0.625000
7.680	0.625000
7.690	0.625000
7.700	0.625000
7.710	0.625000
7.720	0.625000
7.730	0.625000
7.740	0.625000
7.750	0.625000
7.760	0.625000
7.770	0.625000
7.780	0.625000
7.790	0.625000
7.800	0.625000
7.810	0.625000
7.820	0.625000
7.830	0.625000
7.840	0.625000
7.850	0.625000
7.860	0.625000
7.870	0.625000
7.880	0.625000
7.890	0.625000
7.900	0.625000
7.910	0.625000
7.920	0.625000
7.930	0.625000
7.940	0.625000
7.950	0.625000
7.960	0.625000
7.970	0.625000
7.980	0.625000
7.990	0.625000
8.000	0.625000
8.010	0.625000
8.020	0.625000
8.030	0.625000
8.040	0.625000
8.050	0.625000
8.060	0.625000
8.070	0.625000
8.080	0.625000
8.090	0.625000
8.100	0.625000
8.110	0.625000
8.120	0.625000
8.130	0.625000
8.140	0.625000
8.150	0.625000
8.160	0.625000
8.170	0.625000
8.180	0.625000
8.190	0.625000
8.200	0.625000
8.210	0.625000
8.220	0.625000
8.230	0.625000
8.240	0.625000
8.250	0.625000
8.260	0.625000
8.270	0.625000
8.280	0.625000
8.290	0.625000
8.300	0.625000
8.310	0.625000
8.320	0.625000
8.330	0.625000
8.340	0.625000
8.350	0.625000
8.360	0.625000
8.370	0.625000
8.380	0.625000
8.390	0.625000
8.400	0.625000
8.410	0.625000
8.420	0.625000
8.430	0.625000
8.440	0.625000
8.450	0.625000
8.460	0.625000
8.470	0.625000
8.480	0.625000
8.490	0.625000
8.500	0.625000
8.510	0.625000
8.520	0.625000
8.530	0.625000
8.540	0.625000
8.550	0.625000
8.560	0.625000
8.570	0.625000
8.580	0.625000
8.590	0.625000
8.600	0.625000
8.610	0.625000
8.620	0.625000
8.630	0.625000
8.640	0.625000
8.650	0.625000
8.660	0.625000
8.670	0.625000
8.680	0.625000
8.690	0.625000
8.700	0.625000
8.710	0.625000
8.720	0.625000
8.730	0.625000
8.740	0.625000
8.750	0.625000
8.760	0.625000
8.770	0.625000
8.780	0.625000
8.790	0.625000
8.800	0.625000
8.810	0.625000
8.820	0.625000
8.830	0.625000
8.840	0.625000
8.850	0.625000
8.860	0.625000
8.870	0.625000
8.880	0.625000
8.890	0.625000
8.900	0.625000
8.910	0.625000
8.920	0.625000
8.930	0.625000
8.940	0.625000
8.950	0.625000
8.960	0.625000
8.970	0.625000
8.980	0.625000
8.990	0.625000
9.000	0.625000
9.010	0.625000
9.020	0.625000
9.030	0.625000
9.040	0.625000
9.050	0.625000
9.060	0.625000
9.070	0.625000
9.080	0.625000
9.090	0.625000
9.100	0.625000
9.110	0.625000
9.120	0.625000
9.130	0.625000
9.140	0.625000
9.150	0.625000
9.160	0.625000
9.170	0.625000
9.180	0.625000
9.190	0.625000
9.200	0.625000
9.210	0.312500
9.220	0.312500
9.230	0.312500
9.240	0.312500
9.250	0.312500
9.260	0.312500
9.270	0.312500
9.280	0.312500
9.290	0.312500
9.300	0.312500
9.310	0.312500
9.320	0.312500
9.330	0.312500
9.340	0.312500
9.350	0.312500
9.360	0.312500
9.370	0.312500
9.380	0.312500
9.390	0.312500
9.400	0.312500
9.410	0.312500
9.420	0.312500
9.430	0.312500
9.440	0.312500
9.450	0.312500
9.460	0.312500
9.470	0.312500
9.480	0.312500
9.490	0.312500
9.500	0.312500
9.510	0.312500
9.520	0.312500
9.530	0.312500
9.540	0.312500
9.550	0.312500
9.560	0.312500
9.570	0.312500
9.580	0.312500
9.590	0.312500
9.600	0.312500
9.610	0.312500
9.620	0.312500
9.630	0.312500
9.640	0.312500
9.650	0.312500
9.660	0.312500
9.670	0.312500
9.680	0.312500
9.690	0.312500
9.700	0.312500
9.710	0.312500
9.720	0.312500
9.730	0.312500
9.740	0.312500
9.750	0.312500
9.760	0.312500
9.770	0.312500
9.780	0.312500
9.790	0.312500
9.800	0.312500
9.810	0.312500
9.820	0.312500
9.830	0.312500
9.840	0.312500
9.850	0.312500
9.860	0.312500
9.870	0.312500
9.880	0.312500
9.890	0.312500
9.900	0.312500
9.910	0.312500
9.920	0.312500
9.930	0.312500
9.940	0.312500
9.950	0.312500
9.960	0.312500
9.970	0.312500
9.980	0.312500
9.990	0.312500
10.000	0.312500
10.010	0.312500
10.020	0.312500
10.030	0.312500
10.040	0.312500
10.050	0.312500
10.060	0.312500
10.070	0.312500
10.080	0.312500
10.090	0.312500
10.100	0.312500
10.110	0.312500
10.120	0.312500
10.130	0.312500
10.140	0.312500
10.150	0.312500
10.160	0.312500
10.170	0.312500
10.180	0.312500
10.190	0.312500
10.200	0.312500
10.210	0.312500
10.220	0.312500
10.230	0.312500
10.240	0.312500
10.250	0.312500
10.260	0.312500
10.270	0.312500
10.280	0.312500
10.290	0.312500
10.300	0.312500
10.310	0.312500
10.320	0.312500
10.330	0.312500
10.340	0.312500
10.350	0.312500
10.360	0.312500
10.370	0.312500
10.380	0.312500
10.390	0.312500
10.400	0.312500
10.410	0.312500
10.420	0.312500
10.430	0.312500
10.440	0.312500
10.450	0.312500
10.460	0.312500
10.470	0.312500
10.480	0.312500
10.490	0.312500
10.500	0.312500
10.510	0.312500
10.520	0.312500
10.530	0.312500
10.540	0.312500
10.550	0.312500
10.560	0.312500
10.570	0.312500
10.580	0.312500
10.590	0.312500
10.600	0.312500
10.610	0.312500
10.620	0.312500
10.630	0.312500
10.640	0.312500
10.650	0.312500
10.660	0.312500
10.670	0.312500
10.680	0.312500
10.690	0.312500
10.700	0.312500
10.710	0.312500
10.720	0.312500
10.730	0.312500
10.740	0.312500
10.750	0.312500
10.760	0.312500
10.770	0.312500
10.780	0.312500
10.790	0.312500
10.800	0.312500
10.810	0.312500
10.820	0.312500
10.830	0.312500
10.840	0.312500
10.850	0.312500
10.860	0.312500
10.870	0.312500
10.880	0.312500
10.890	0.312500
10.900	0.312500
10.910	0.312500
10.920	0.312500
10.930	0.312500
10.940	0.312500
10.950	0.312500
10.960	0.312500
10.970	0.312500
10.980	0.312500
10.990	0.312500
11.000	0.312500
11.010	0.312500
11.020	0.312500
11.030	0.312500
11.040	0.312500
11.050	0.312500
11.060	0.312500
11.070	0.312500
11.080	0.312500
11.090	0.312500
11.100	0.312500
11.110	0.312500
11.120	0.312500
11.130	0.312500
11.140	0.312500
11.150	0.312500
11.160	0.312500
11.170	0.312500
11.180	0.156250
11.190	0.156250
11.200	0.156250
11.210	0.156250
11.220	0.156250
11.230	0.156250
11.240	0.156250
11.250	0.156250
11.260	0.156250
11.270	0.156250
11.280	0.156250
11.290	0.156250
11.300	0.156250
11.310	0.156250
11.320	0.156250
11.330	0.156250
11.340	0.156250
11.350	0.156250
11.360	0.156250
11.370	0.156250
11.380	0.156250
11.390	0.156250
11.400	0.156250
11.410	0.156250
11.420	0.156250
11.430	0.156250
11.440	0.156250
11.450	0.156250
11.460	0.156250
11.470	0.156250
11.480	0.156250
11.490	0.156250
11.500	0.156250
11.510	0.156250
11.520	0.156250
11.530	0.156250
11.540	0.156250
11.550	0.156250
11.560	0.156250
11.570	0.156250
11.580	0.156250
11.590	0.156250
11.600	0.156250
11.610	0.156250
11.620	0.156250
11.630	0.156250
11.640	0.156250
11.650	0.156250
11.660	0.156250
11.670	0.156250
11.680	0.156250
11.690	0.156250
11.700	0.156250
11.710	0.156250
11.720	0.156250
11.730	0.156250
11.740	0.156250
11.750	0.156250
11.760	0.156250
11.770	0.156250
11.780	0.156250
11.790	0.156250
11.800	0.156250
11.810	0.156250
11.820	0.156250
11.830	0.156250
11.840	0.156250
11.850	0.156250
11.860	0.156250
11.870	0.156250
11.880	0.156250
11.890	0.156250
11.900	0.156250
11.910	0.156250
11.920	0.156250
11.930	0.156250
11.940	0.156250
11.950	0.156250
11.960	0.156250
11.970	0.156250
11.980	0.156250
11.990	0.156250
12.000	0.156250
12.010	0.156250
12.020	0.156250
12.030	0.156250
12.040	0.156250
12.050	0.156250
12.060	0.156250
12.070	0.156250
12.080	0.156250
12.090	0.156250
12.100	0.156250
12.110	0.156250
12.120	0.156250
12.130	0.156250
12.140	0.156250
12.150	0.156250
12.160	0.156250
12.170	0.156250
12.180	0.156250
12.190	0.156250
12.200	0.156250
12.210	0.156250
12.220	0.156250
12.230	0.156250
12.240	0.156250
12.250	0.156250
12.260	0.156250
12.270	0.156250
12.280	0.156250
12.290	0.156250
12.300	0.156250
12.310	0.156250
12.320	0.156250
12.330	0.156250
12.340	0.156250
12.350	0.156250
12.360	0.156250
12.370	0.156250
12.380	0.156250
12.390	0.156250
12.400	0.156250
12.410	0.156250
12.420	0.156250
12.430	0.156250
12.440	0.156250
12.450	0.156250
12.460	0.156250
12.470	0.156250
12.480	0.156250
12.490	0.156250
12.500	0.156250
12.510	0.156250
12.520	0.156250
12.530	0.156250
12.540	0.156250
12.550	0.156250
12.560	0.156250
12.570	0.156250
12.580	0.156250
12.590	0.156250
12.600	0.156250
12.610	0.156250
12.620	0.156250
12.630	0.156250
12.640	0.156250
12.650	0.156250
12.660	0.156250
12.670	0.156250
12.680	0.156250
12.690	0.156250
12.700	0.156250
12.710	0.156250
12.720	0.156250
12.730	0.156250
12.740	0.156250
12.750	0.156250
12.760	0.156250
12.770	0.156250
12.780	0.156250
12.790	0.156250
12.800	0.156250
12.810	0.156250
12.820	0.156250
12.830	0.156250
12.840	0.156250
12.850	0.156250
12.860	0.156250
12.870	0.156250
12.880	0.156250
12.890	0.156250
12.900	0.156250
12.910	0.156250
12.920	0.156250
12.930	0.156250
12.940	0.156250
12.950	0.156250
12.960	0.156250
12.970	0.156250
12.980	0.156250
12.990	0.156250
13.000	0.156250
13.010	0.156250
13.020	0.156250
13.030	0.156250
13.040	0.156250
13.050	0.156250
13.060	0.156250
13.070	0.156250
13.080	0.156250
13.090	0.156250
13.100	0.156250
13.110	0.156250
13.120	0.156250
13.130	0.156250
13.140	0.156250
13.150	0.156250
13.160	0.156250
13.170	0.156250
13.180	0.156250
13.190	0.156250
13.200	0.156250
13.210	0.156250
13.220	0.156250
13.230	0.156250
13.240	0.156250
13.250	0.156250
13.260	0.156250
13.270	0.156250
13.280	0.156250
13.290	0.156250
13.300	0.156250
13.310	0.156250
13.320	0.156250
13.330	0.156250
13.340	0.156250
13.350	0.156250
13.360	0.156250
13.370	0.156250
13.380	0.156250
13.390	0.156250
13.400	0.156250
13.410	0.156250
13.420	0.156250
13.430	0.156250
13.440	0.156250
13.450	0.156250
13.460	0.156250
13.470	0.156250
13.480	0.156250
13.490	0.156250
13.500	0.156250
13.510	0.156250
13.520	0.156250
13.530	0.156250
13.540	0.156250
13.550	0.156250
13.560	0.156250
13.570	0.156250
13.580	0.156250
13.590	0.156250
13.600	0.156250
13.610	0.156250
13.620	0.156250
13.630	0.156250
13.640	0.156250
13.650	0.156250
13.660	0.156250
13.670	0.156250
13.680	0.156250
13.690	0.156250
13.700	0.156250
13.710	0.156250
13.720	0.156250
13.730	0.156250
13.740	0.156250
13.750	0.156250
13.760	0.156250
13.770	0.156250
13.780	0.156250
13.790	0.156250
13.800	0.156250
13.810	0.156250
13.820	0.156250
13.830	0.156250
13.840	0.156250
13.850	0.156250
13.860	0.156250
13.870	0.156250
13.880	0.156250
13.890	0.156250
13.900	0.156250
13.910	0.156250
13.920	0.156250
13.930	0.078125
13.940	0.078125
13.950	0.078125
13.960	0.078125
13.970	0.078125
13.980	0.078125
13.990	0.078125
14.000	0.078125
14.010	0.078125
14.020	0.078125
14.030	0.078125
14.040	0.078125
14.050	0.078125
14.060	0.078125
14.070	0.078125
14.080	0.078125
14.090	0.078125
14.100	0.078125
14.110	0.078125
14.120	0.078125
14.130	0.078125
14.140	0.078125
14.150	0.078125
14.160	0.078125
14.170	0.078125
14.180	0.078125
14.190	0.078125
14.200	0.078125
14.210	0.078125
14.220	0.078125
14.230	0.078125
14.240	0.078125
14.250	0.078125
14.260	0.078125
14.270	0.078125
14.280	0.078125
14.290	0.078125
14.300	0.078125
14.310	0.078125
14.320	0.078125
14.330	0.078125
14.340	0.078125
14.350	0.078125
14.360	0.078125
14.370	0.078125
14.380	0.078125
14.390	0.078125
14.400	0.078125
14.410	0.078125
14.420	0.078125
14.430	0.078125
14.440	0.078125
14.450	0.078125
14.460	0.078125
14.470	0.078125
14.480	0.078125
14.490	0.078125
14.500	0.078125
14.510	0.078125
14.520	0.078125
14.530	0.078125
14.540	0.078125
14.550	0.078125
14.560	0.078125
14.570	0.078125
14.580	0.078125
14.590	0.078125
14.600	0.078125
14.610	0.078125
14.620	0.078125
14.630	0.078125
14.640	0.078125
14.650	0.078125
14.660	0.078125
14.670	0.078125
14.680	0.078125
14.690	0.078125
14.700	0.078125
14.710	0.078125
14.720	0.078125
14.730	0.078125
14.740	0.078125
14.750	0.078125
14.760	0.078125
14.770	0.078125
14.780	0.078125
14.790	0.078125
14.800	0.078125
14.810	0.078125
14.820	0.078125
14.830	0.078125
14.840	0.078125
14.850	0.078125
14.860	0.078125
14.870	0.078125
14.880	0.078125
14.890	0.078125
14.900	0.078125
14.910	0.078125
14.920	0.078125
14.930	0.078125
14.940	0.078125
14.950	0.078125
14.960	0.078125
14.970	0.078125
14.980	0.078125
14.990	0.078125
15.000	0.078125
15.010	0.078125
15.020	0.078125
15.030	0.078125
15.040	0.078125
15.050	0.078125
15.060	0.078125
15.070	0.078125
15.080	0.078125
15.090	0.078125
15.100	0.078125
15.110	0.078125
15.120	0.078125
15.130	0.078125
15.140	0.078125
15.150	0.078125
15.160	0.078125
15.170	0.078125
15.180	0.078125
15.190	0.078125
15.200	0.078125
15.210	0.078125
15.220	0.078125
15.230	0.078125
15.240	0.078125
15.250	0.078125
15.260	0.078125
15.270	0.078125
15.280	0.078125
15.290	0.078125
15.300	0.078125
15.310	0.078125
15.320	0.078125
15.330	0.078125
15.340	0.078125
15.350	0.078125
15.360	0.078125
15.370	0.078125
15.380	0.078125
15.390	0.078125
15.400	0.078125
15.410	0.078125
15.420	0.078125
15.430	0.078125
15.440	0.078125
15.450	0.078125
15.460	0.078125
15.470	0.078125
15.480	0.078125
15.490	0.078125
15.500	0.078125
15.510	0.078125
15.520	0.078125
15.530	0.078125
15.540	0.078125
15.550	0.078125
15.560	0.078125
15.570	0.078125
15.580	0.078125
15.590	0.078125
15.600	0.078125
15.610	0.078125
15.620	0.078125
15.630	0.078125
15.640	0.078125
15.650	0.078125
15.660	0.078125
15.670	0.078125
15.680	0.078125
15.690	0.078125
15.700	0.078125
15.710	0.078125
15.720	0.078125
15.730	0.078125
15.740	0.078125
15.750	0.078125
15.760	0.078125
15.770	0.078125
15.780	0.078125
15.790	0.078125
15.800	0.078125
15.810	0.078125
15.820	0.078125
15.830	0.078125
15.840	0.078125
15.850	0.078125
15.860	0.078125
15.870	0.078125
15.880	0.078125
15.890	0.078125
15.900	0.078125
15.910	0.078125
15.920	0.078125
15.930	0.078125
15.940	0.078125
15.950	0.078125
15.960	0.078125
15.970	0.078125
15.980	0.078125
15.990	0.078125
16.000	0.078125
16.010	0.078125
16.020	0.078125
16.030	0.078125
16.040	0.078125
16.050	0.078125
16.060	0.078125
16.070	0.078125
16.080	0.078125
16.090	0.078125
16.100	0.078125
16.110	0.078125
16.120	0.078125
16.130	0.078125
16.140	0.078125
16.150	0.078125
16.160	0.078125
16.170	0.078125
16.180	0.078125
16.190	0.078125
16.200	0.078125
16.210	0.078125
16.220	0.078125
16.230	0.078125
16.240	0.078125
16.250	0.078125
16.260	0.078125
16.270	0.078125
16.280	0.078125
16.290	0.078125
16.300	0.078125
16.310	0.078125
16.320	0.078125
16.330	0.078125
16.340	0.078125
16.350	0.078125
16.360	0.078125
16.370	0.078125
16.380	0.078125
16.390	0.078125
16.400	0.078125
16.410	0.078125
16.420	0.078125
16.430	0.078125
16.440	0.078125
16.450	0.078125
16.460	0.078125
16.470	0.078125
16.480	0.078125
16.490	0.078125
16.500	0.078125
16.510	0.078125
16.520	0.078125
16.530	0.078125
16.540	0.078125
16.550	0.078125
16.560	0.078125
16.570	0.078125
16.580	0.078125
16.590	0.078125
16.600	0.078125
16.610	0.078125
16.620	0.078125
16.630	0.078125
16.640	0.078125
16.650	0.078125
16.660	0.078125
16.670	0.078125
16.680	0.078125
16.690	0.078125
16.700	0.078125
16.710	0.078125
16.720	0.078125
16.730	0.078125
16.740	0.078125
16.750	0.078125
16.760	0.078125
16.770	0.078125
16.780	0.078125
16.790	0.078125
16.800	0.078125
16.810	0.078125
16.820	0.078125
16.830	0.078125
16.840	0.078125
16.850	0.078125
16.860	0.078125
16.870	0.078125
16.880	0.078125
16.890	0.078125
16.900	0.078125
16.910	0.078125
16.920	0.078125
16.930	0.078125
16.940	0.078125
16.950	0.078125
16.960	0.078125
16.970	0.078125
16.980	0.078125
16.990	0.078125
17.000	0.078125
17.010	0.078125
17.020	0.078125
17.030	0.078125
17.040	0.078125
17.050	0.078125
17.060	0.078125
17.070	0.078125
17.080	0.078125
17.090	0.078125
17.100	0.078125
17.110	0.078125
17.120	0.078125
17.130	0.078125
17.140	0.078125
17.150	0.078125
17.160	0.078125
17.170	0.078125
17.180	0.078125
17.190	0.078125
17.200	0.078125
17.210	0.078125
17.220	0.078125
17.230	0.078125
17.240	0.078125
17.250	0.078125
17.260	0.078125
17.270	0.078125
17.280	0.078125
17.290	0.078125
17.300	0.078125
17.310	0.078125
17.320	0.078125
17.330	0.078125
17.340	0.078125
17.350	0.078125
17.360	0.078125
17.370	0.078125
17.380	0.078125
17.390	0.078125
17.400	0.078125
17.410	0.078125
17.420	0.078125
17.430	0.078125
17.440	0.078125
17.450	0.078125
17.460	0.078125
17.470	0.078125
17.480	0.078125
17.490	0.078125
17.500	0.078125
17.510	0.078125
17.520	0.078125
17.530	0.078125
17.540	0.078125
17.550	0.078125
17.560	0.078125
17.570	0.078125
17.580	0.078125
17.590	0.078125
17.600	0.078125
17.610	0.078125
17.620	0.078125
17.630	0.078125
17.640	0.078125
17.650	0.078125
17.660	0.078125
17.670	0.078125
17.680	0.078125
17.690	0.078125
17.700	0.078125
17.710	0.078125
17.720	0.078125
17.730	0.078125
17.740	0.078125
17.750	0.078125
17.760	0.078125
17.770	0.078125
17.780	0.078125
17.790	0.078125
17.800	0.078125
17.810	0.078125
17.820	0.078125
17.830	0.078125
17.840	0.078125
17.850	0.078125
17.860	0.078125
17.870	0.078125
17.880	0.078125
17.890	0.078125
17.900	0.078125
17.910	0.078125
17.920	0.078125
17.930	0.078125
17.940	0.078125
17.950	0.078125
17.960	0.078125
17.970	0.078125
17.980	0.078125
17.990	0.078125
18.000	0.078125
18.010	0.078125
18.020	0.078125
18.030	0.078125
18.040	0.078125
18.050	0.078125
18.060	0.078125
18.070	0.078125
18.080	0.078125
18.090	0.078125
18.100	0.078125
18.110	0.078125
18.120	0.078125
18.130	0.078125
18.140	0.078125
18.150	0.078125
18.160	0.078125
18.170	0.078125
18.180	0.078125
18.190	0.078125
18.200	0.078125
18.210	0.078125
18.220	0.078125
18.230	0.078125
18.240	0.078125
18.250	0.078125
18.260	0.078125
18.270	0.078125
18.280	0.078125
18.290	0.078125
18.300	0.078125
18.310	0.078125
18.320	0.078125
18.330	0.078125
18.340	0.078125
18.350	0.078125
18.360	0.078125
18.370	0.078125
18.380	0.078125
18.390	0.078125
18.400	0.078125
18.410	0.078125
18.420	0.078125
18.430	0.078125
18.440	0.078125
18.450	0.078125
18.460	0.078125
18.470	0.078125
18.480	0.078125
18.490	0.078125
18.500	0.078125
18.510	0.078125
18.520	0.078125
18.530	0.078125
18.540	0.078125
18.550	0.078125
18.560	0.078125
18.570	0.078125
18.580	0.078125
18.590	0.078125
18.600	0.078125
18.610	0.078125
18.620	0.078125
18.630	0.078125
18.640	0.078125
18.650	0.078125
18.660	0.078125
18.670	0.078125
18.680	0.078125
18.690	0.078125
18.700	0.078125
18.710	0.078125
18.720	0.078125
18.730	0.078125
18.740	0.078125
18.750	0.078125
18.760	0.078125
18.770	0.078125
18.780	0.078125
18.790	0.078125
18.800	0.078125
18.810	0.078125
18.820	0.078125
18.830	0.078125
18.840	0.078125
18.850	0.078125
18.860	0.078125
18.870	0.078125
18.880	0.078125
18.890	0.078125
18.900	0.078125
18.910	0.078125
18.920	0.078125
18.930	0.078125
18.940	0.078125
18.950	0.078125
18.960	0.078125
18.970	0.078125
18.980	0.078125
18.990	0.078125
19.000	0.078125
19.010	0.078125
19.020	0.078125
19.030	0.078125
19.040	0.078125
19.050	0.078125
19.060	0.078125
19.070	0.078125
19.080	0.078125
19.090	0.078125
19.100	0.078125
19.110	0.078125
19.120	0.078125
19.130	0.078125
19.140	0.078125
19.150	0.078125
19.160	0.078125
19.170	0.078125
19.180	0.078125
19.190	0.078125
19.200	0.078125
19.210	0.078125
19.220	0.078125
19.230	0.078125
19.240	0.078125
19.250	0.078125
19.260	0.078125
19.270	0.078125
19.280	0.078125
19.290	0.078125
19.300	0.078125
19.310	0.078125
19.320	0.078125
19.330	0.078125
19.340	0.078125
19.350	0.078125
19.360	0.078125
19.370	0.078125
19.380	0.078125
19.390	0.078125
19.400	0.078125
19.410	0.078125
19.420	0.078125
19.430	0.078125
19.440	0.078125
19.450	0.078125
19.460	0.078125
19.470	0.078125
19.480	0.078125
19.490	0.078125
19.500	0.078125
19.510	0.078125
19.520	0.078125
19.530	0.078125
19.540	0.078125
19.550	0.078125
19.560	0.078125
19.570	0.078125
19.580	0.078125
19.590	0.078125
19.600	0.078125
19.610	0.078125
19.620	0.078125
19.630	0.078125
19.640	0.078125
19.650	0.078125
19.660	0.078125
19.670	0.078125
19.680	0.078125
19.690	0.078125
19.700	0.078125
19.710	0.078125
19.720	0.078125
19.730	0.078125
19.740	0.078125
19.750	0.078125
19.760	0.078125
19.770	0.078125
19.780	0.078125
19.790	0.078125
19.800	0.078125
19.810	0.078125
19.820	0.078125
19.830	0.078125
19.840	0.078125
19.850	0.078125
19.860	0.078125
19.870	0.078125
19.880	0.078125
19.890	0.078125
19.900	0.078125
19.910	0.078125
19.920	0.078125
19.930	0.078125
19.940	0.078125
19.950	0.078125
19.960	0.078125
19.970	0.078125
19.980	0.078125
19.990	0.078125
20.000	0.078125
20.010	0.078125
20.020	0.078125
20.030	0.078125
20.040	0.078125
20.050	0.078125
20.060	0.078125
20.070	0.078125
20.080	0.078125
20.090	0.078125
20.100	0.078125
20.110	0.078125
20.120	0.078125
20.130	0.078125
20.140	0.078125
20.150	0.078125
20.160	0.078125
20.170	0.078125
20.180	0.078125
20.190	0.078125
20.200	0.078125
20.210	0.078125
20.220	0.078125
20.230	0.078125
20.240	0.078125
20.250	0.078125
20.260	0.078125
20.270	0.078125
20.280	0.078125
20.290	0.078125
20.300	0.078125
20.310	0.078125
20.320	0.078125
20.330	0.078125
20.340	0.078125
20.350	0.078125
20.360	0.078125
20.370	0.078125
20.380	0.078125
20.390	0.078125
20.400	0.078125
20.410	0.078125
20.420	0.078125
20.430	0.078125
20.440	0.078125
20.450	0.078125
20.460	0.078125
20.470	0.078125
20.480	0.078125
20.490	0.078125
20.500	0.078125
20.510	0.078125
20.520	0.078125
20.530	0.078125
20.540	0.078125
20.550	0.078125
20.560	0.078125
20.570	0.078125
20.580	0.078125
20.590	0.078125
20.600	0.078125
20.610	0.078125
20.620	0.078125
20.630	0.078125
20.640	0.078125
20.650	0.078125
20.660	0.078125
20.670	0.078125
20.680	0.078125
20.690	0.078125
20.700	0.078125
20.710	0.078125
20.720	0.078125
20.730	0.078125
20.740	0.078125
20.750	0.078125
20.760	0.078125
20.770	0.078125
20.780	0.078125
20.790	0.078125
20.800	0.078125
20.810	0.078125
20.820	0.078125
20.830	0.078125
20.840	0.078125
20.850	0.078125
20.860	0.078125
20.870	0.078125
20.880	0.078125
20.890	0.078125
20.900	0.078125
20.910	0.078125
20.920	0.078125
20.930	0.078125
20.940	0.078125
20.950	0.078125
20.960	0.078125
20.970	0.078125
20.980	0.078125
20.990	0.078125
21.000	0.078125
21.010	0.078125
21.020	0.078125
21.030	0.078125
21.040	0.078125
21.050	0.078125
21.060	0.078125
21.070	0.078125
21.080	0.078125
21.090	0.078125
21.100	0.078125
21.110	0.078125
21.120	0.078125
21.130	0.078125
21.140	0.078125
21.150	0.078125
21.160	0.078125
21.170	0.078125
21.180	0.078125
21.190	0.078125
21.200	0.078125
21.210	0.078125
21.220	0.078125
21.230	0.078125
21.240	0.078125
21.250	0.078125
21.260	0.078125
21.270	0.078125
21.280	0.078125
21.290	0.078125
21.300	0.078125
21.310	0.078125
21.320	0.078125
21.330	0.078125
21.340	0.078125
21.350	0.078125
21.360	0.078125
21.370	0.078125
21.380	0.078125
21.390	0.078125
21.400	0.078125
21.410	0.078125
21.420	0.078125
21.430	0.078125
21.440	0.078125
21.450	0.078125
21.460	0.078125
21.470	0.078125
21.480	0.078125
21.490	0.078125
21.500	0.078125
21.510	0.078125
21.520	0.078125
21.530	0.078125
21.540	0.078125
21.550	0.078125
21.560	0.078125
21.570	0.078125
21.580	0.078125
21.590	0.078125
21.600	0.078125
21.610	0.078125
21.620	0.078125
21.630	0.078125
21.640	0.078125
21.650	0.078125
21.660	0.078125
21.670	0.078125
21.680	0.078125
21.690	0.078125
21.700	0.078125
21.710	0.078125
21.720	0.078125
21.730	0.078125
21.740	0.078125
21.750	0.078125
21.760	0.078125
21.770	0.078125
21.780	0.078125
21.790	0.078125
21.800	0.078125
21.810	0.078125
21.820	0.078125
21.830	0.078125
21.840	0.078125
21.850	0.078125
21.860	0.078125
21.870	0.078125
21.880	0.078125
21.890	0.078125
21.900	0.078125
21.910	0.078125
21.920	0.078125
21.930	0.078125
21.940	0.078125
21.950	0.078125
21.960	0.078125
21.970	0.078125
21.980	0.078125
21.990	0.078125
22.000	0.078125
22.010	0.078125
22.020	0.078125
22.030	0.078125
22.040	0.078125
22.050	0.078125
22.060	0.078125
22.070	0.078125
22.080	0.078125
22.090	0.078125
22.100	0.078125
22.110	0.078125
22.120	0.078125
22.130	0.078125
22.140	0.078125
22.150	0.078125
22.160	0.078125
22.170	0.078125
22.180	0.078125
22.190	0.078125
22.200	0.078125
22.210	0.078125
22.220	0.078125
22.230	0.078125
22.240	0.078125
22.250	0.078125
22.260	0.078125
22.270	0.078125
22.280	0.078125
22.290	0.078125
22.300	0.078125
22.310	0.078125
22.320	0.078125
22.330	0.078125
22.340	0.078125
22.350	0.078125
22.360	0.078125
22.370	0.078125
22.380	0.078125
22.390	0.078125
22.400	0.078125
22.410	0.078125
22.420	0.078125
22.430	0.078125
22.440	0.078125
22.450	0.078125
22.460	0.078125
22.470	0.078125
22.480	0.078125
22.490	0.078125
22.500	0.078125
22.510	0.078125
22.520	0.078125
22.530	0.078125
22.540	0.078125
22.550	0.078125
22.560	0.078125
22.570	0.078125
22.580	0.078125
22.590	0.078125
22.600	0.078125
22.610	0.078125
22.620	0.078125
22.630	0.078125
22.640	0.078125
22.650	0.078125
22.660	0.078125
22.670	0.078125
22.680	0.078125
22.690	0.078125
22.700	0.078125
22.710	0.078125
22.720	0.078125
22.730	0.078125
22.740	0.078125
22.750	0.078125
22.760	0.078125
22.770	0.078125
22.780	0.078125
22.790	0.078125
22.800	0.078125
22.810	0.078125
22.820	0.078125
22.830	0.078125
22.840	0.078125
22.850	0.078125
22.860	0.078125
22.870	0.078125
22.880	0.078125
22.890	0.078125
22.900	0.078125
22.910	0.078125
22.920	0.078125
22.930	0.078125
22.940	0.078125
22.950	0.078125
22.960	0.078125
22.970	0.078125
22.980	0.078125
22.990	0.078125
23.000	0.078125
23.010	0.078125
23.020	0.078125
23.030	0.078125
23.040	0.078125
23.050	0.078125
23.060	0.078125
23.070	0.078125
23.080	0.078125
23.090	0.078125
23.100	0.078125
23.110	0.078125
23.120	0.078125
23.130	0.078125
23.140	0.078125
23.150	0.078125
23.160	0.078125
23.170	0.078125
23.180	0.078125
23.190	0.078125
23.200	0.078125
23.210	0.078125
23.220	0.078125
23.230	0.078125
23.240	0.078125
23.250	0.078125
23.260	0.078125
23.270	0.078125
23.280	0.078125
23.290	0.078125
23.300	0.078125
23.310	0.078125
23.320	0.078125
23.330	0.078125
23.340	0.078125
23.350	0.078125
23.360	0.078125
23.370	0.078125
23.380	0.078125
23.390	0.078125
23.400	0.078125
23.410	0.078125
23.420	0.078125
23.430	0.078125
23.440	0.078125
23.450	0.078125
23.460	0.078125
23.470	0.078125
23.480	0.078125
23.490	0.078125
23.500	0.078125
23.510	0.078125
23.520	0.078125
23.530	0.078125
23.540	0.078125
23.550	0.078125
23.560	0.078125
23.570	0.078125
23.580	0.078125
23.590	0.078125
23.600	0.078125
23.610	0.078125
23.620	0.078125
23.630	0.078125
23.640	0.078125
23.650	0.078125
23.660	0.078125
23.670	0.078125
23.680	0.078125
23.690	0.078125
23.700	0.078125
23.710	0.078125
23.720	0.078125
23.730	0.078125
23.740	0.078125
23.750	0.078125
23.760	0.078125
23.770	0.078125
23.780	0.078125
23.790	0.078125
23.800	0.078125
23.810	0.078125
23.820	0.078125
23.830	0.078125
23.840	0.078125
23.850	0.078125
23.860	0.078125
23.870	0.078125
23.880	0.078125
23.890	0.078125
23.900	0.078125
23.910	0.078125
23.920	0.078125
23.930	0.078125
23.940	0.078125
23.950	0.078125
23.960	0.078125
23.970	0.078125
23.980	0.078125
23.990	0.078125
24.000	0.078125
24.010	0.078125
24.020	0.078125
24.030	0.078125
24.040	0.078125
24.050	0.078125
24.060	0.078125
24.070	0.078125
24.080	0.078125
24.090	0.078125
24.100	0.078125
24.110	0.078125
24.120	0.078125
24.130	0.078125
24.140	0.078125
24.150	0.078125
24.160	0.078125
24.170	0.078125
24.180	0.078125
24.190	0.078125
24.200	0.078125
24.210	0.078125
24.220	0.078125
24.230	0.078125
24.240	0.078125
24.250	0.078125
24.260	0.078125
24.270	0.078125
24.280	0.078125
24.290	0.078125
24.300	0.078125
24.310	0.078125
24.320	0.078125
24.330	0.078125
24.340	0.078125
24.350	0.078125
24.360	0.078125
24.370	0.078125
24.380	0.078125
24.390	0.078125
24.400	0.078125
24.410	0.078125
24.420	0.078125
24.430	0.078125
24.440	0.078125
24.450	0.078125
24.460	0.078125
24.470	0.078125
24.480	0.078125
24.490	0.078125
24.500	0.078125
24.510	0.078125
24.520	0.078125
24.530	0.078125
24.540	0.078125
24.550	0.078125
24.560	0.039062
24.570	0.039062
24.580	0.039062
24.590	0.039062
24.600	0.039062
24.610	0.039062
24.620	0.039062
24.630	0.039062
24.640	0.039062
24.650	0.039062
24.660	0.039062
24.670	0.039062
24.680	0.039062
24.690	0.039062
24.700	0.039062
24.710	0.039062
24.720	0.039062
24.730	0.039062
24.740	0.039062
24.750	0.039062
24.760	0.039062
24.770	0.039062
24.780	0.039062
24.790	0.039062
24.800	0.039062
24.810	0.039062
24.820	0.039062
24.830	0.039062
24.840	0.039062
24.850	0.039062
24.860	0.039062
24.870	0.039062
24.880	0.039062
24.890	0.039062
24.900	0.039062
24.910	0.039062
24.920	0.039062
24.930	0.039062
24.940	0.039062
24.950	0.039062
24.960	0.039062
24.970	0.039062
24.980	0.039062
24.990	0.039062
25.000	0.039062
25.010	0.039062
25.020	0.039062
25.030	0.039062
25.040	0.039062
25.050	0.039062
25.060	0.039062
25.070	0.039062
25.080	0.039062
25.090	0.039062
25.100	0.039062
25.110	0.039062
25.120	0.039062
25.130	0.039062
25.140	0.039062
25.150	0.039062
25.160	0.039062
25.170	0.039062
25.180	0.039062
25.190	0.039062
25.200	0.039062
25.210	0.039062
25.220	0.039062
25.230	0.039062
25.240	0.039062
25.250	0.039062
25.260	0.039062
25.270	0.039062
25.280	0.039062
25.290	0.039062
25.300	0.039062
25.310	0.039062
25.320	0.039062
25.330	0.039062
25.340	0.039062
25.350	0.039062
25.360	0.039062
25.370	0.039062
25.380	0.039062
25.390	0.039062
25.400	0.039062
25.410	0.039062
25.420	0.039062
25.430	0.039062
25.440	0.039062
25.450	0.039062
25.460	0.039062
25.470	0.039062
25.480	0.039062
25.490	0.039062
25.500	0.039062
25.510	0.039062
25.520	0.039062
25.530	0.039062
25.540	0.039062
25.550	0.039062
25.560	0.039062
25.570	0.039062
25.580	0.039062
25.590	0.039062
25.600	0.039062
25.610	0.039062
25.620	0.039062
25.630	0.039062
25.640	0.039062
25.650	0.039062
25.660	0.039062
25.670	0.039062
25.680	0.039062
25.690	0.039062
25.700	0.039062
25.710	0.039062
25.720	0.039062
25.730	0.039062
25.740	0.039062
25.750	0.039062
25.760	0.039062
25.770	0.039062
25.780	0.039062
25.790	0.039062
25.800	0.039062
25.810	0.039062
25.820	0.039062
25.830	0.039062
25.840	0.039062
25.850	0.039062
25.860	0.039062
25.870	0.039062
25.880	0.039062
25.890	0.039062
25.900	0.039062
25.910	0.039062
25.920	0.039062
25.930	0.039062
25.940	0.039062
25.950	0.039062
25.960	0.039062
25.970	0.039062
25.980	0.039062
25.990	0.039062
26.000	0.039062
26.010	0.039062
26.020	0.039062
26.030	0.039062
26.040	0.039062
26.050	0.039062
26.060	0.039062
26.070	0.039062
26.080	0.039062
26.090	0.039062
26.100	0.039062
26.110	0.039062
26.120	0.039062
26.130	0.039062
26.140	0.039062
26.150	0.039062
26.160	0.039062
26.170	0.039062
26.180	0.039062
26.190	0.039062
26.200	0.039062
26.210	0.039062
26.220	0.039062
26.230	0.039062
26.240	0.039062
26.250	0.039062
26.260	0.039062
26.270	0.039062
26.280	0.039062
26.290	0.039062
26.300	0.039062
26.310	0.039062
26.320	0.039062
26.330	0.039062
26.340	0.039062
26.350	0.039062
26.360	0.039062
26.370	0.039062
26.380	0.039062
26.390	0.039062
26.400	0.039062
26.410	0.039062
26.420	0.039062
26.430	0.039062
26.440	0.039062
26.450	0.039062
26.460	0.039062
26.470	0.039062
26.480	0.039062
26.490	0.039062
26.500	0.039062
26.510	0.039062
26.520	0.039062
26.530	0.039062
26.540	0.039062
26.550	0.039062
26.560	0.039062
26.570	0.039062
26.580	0.039062
26.590	0.039062
26.600	0.039062
26.610	0.039062
26.620	0.039062
26.630	0.039062
26.640	0.039062
26.650	0.039062
26.660	0.039062
26.670	0.039062
26.680	0.039062
26.690	0.039062
26.700	0.039062
26.710	0.039062
26.720	0.039062
26.730	0.039062
26.740	0.039062
26.750	0.039062
26.760	0.039062
26.770	0.039062
26.780	0.039062
26.790	0.039062
26.800	0.039062
26.810	0.039062
26.820	0.039062
26.830	0.039062
26.840	0.039062
26.850	0.039062
26.860	0.039062
26.870	0.039062
26.880	0.039062
26.890	0.039062
26.900	0.039062
26.910	0.039062
26.920	0.039062
26.930	0.039062
26.940	0.039062
26.950	0.039062
26.960	0.039062
26.970	0.039062
26.980	0.039062
26.990	0.039062
27.000	0.039062
27.010	0.039062
27.020	0.039062
27.030	0.039062
27.040	0.039062
27.050	0.039062
27.060	0.039062
27.070	0.039062
27.080	0.039062
27.090	0.039062
27.100	0.039062
27.110	0.039062
27.120	0.039062
27.130	0.039062
27.140	0.039062
27.150	0.039062
27.160	0.039062
27.170	0.039062
27.180	0.039062
27.190	0.039062
27.200	0.039062
27.210	0.039062
27.220	0.039062
27.230	0.039062
27.240	0.039062
27.250	0.039062
27.260	0.039062
27.270	0.039062
27.280	0.039062
27.290	0.039062
27.300	0.039062
27.310	0.039062
27.320	0.039062
27.330	0.039062
27.340	0.039062
27.350	0.039062
27.360	0.039062
27.370	0.039062
27.380	0.039062
27.390	0.039062
27.400	0.039062
27.410	0.039062
27.420	0.039062
27.430	0.039062
27.440	0.039062
27.450	0.039062
27.460	0.039062
27.470	0.039062
27.480	0.039062
27.490	0.039062
27.500	0.039062
27.510	0.039062
27.520	0.039062
27.530	0.039062
27.540	0.039062
27.550	0.039062
27.560	0.039062
27.570	0.039062
27.580	0.039062
27.590	0.039062
27.600	0.039062
27.610	0.039062
27.620	0.039062
27.630	0.039062
27.640	0.039062
27.650	0.039062
27.660	0.039062
27.670	0.039062
27.680	0.039062
27.690	0.039062
27.700	0.039062
27.710	0.039062
27.720	0.039062
27.730	0.039062
27.740	0.039062
27.750	0.039062
27.760	0.039062
27.770	0.039062
27.780	0.039062
27.790	0.039062
27.800	0.039062
27.810	0.039062
27.820	0.039062
27.830	0.039062
27.840	0.039062
27.850	0.039062
27.860	0.039062
27.870	0.039062
27.880	0.039062
27.890	0.039062
27.900	0.039062
27.910	0.039062
27.920	0.039062
27.930	0.039062
27.940	0.039062
27.950	0.039062
27.960	0.039062
27.970	0.039062
27.980	0.039062
27.990	0.039062
28.000	0.039062
28.010	0.039062
28.020	0.039062
28.030	0.039062
28.040	0.039062
28.050	0.039062
28.060	0.039062
28.070	0.039062
28.080	0.039062
28.090	0.039062
28.100	0.039062
28.110	0.039062
28.120	0.039062
28.130	0.039062
28.140	0.039062
28.150	0.039062
28.160	0.039062
28.170	0.039062
28.180	0.039062
28.190	0.039062
28.200	0.039062
28.210	0.039062
28.220	0.039062
28.230	0.039062
28.240	0.039062
28.250	0.039062
28.260	0.039062
28.270	0.039062
28.280	0.039062
28.290	0.039062
28.300	0.039062
28.310	0.039062
28.320	0.039062
28.330	0.039062
28.340	0.039062
28.350	0.039062
28.360	0.039062
28.370	0.039062
28.380	0.039062
28.390	0.039062
28.400	0.039062
28.410	0.039062
28.420	0.039062
28.430	0.039062
28.440	0.039062
28.450	0.039062
28.460	0.039062
28.470	0.039062
28.480	0.039062
28.490	0.039062
28.500	0.039062
28.510	0.039062
28.520	0.039062
28.530	0.039062
28.540	0.039062
28.550	0.039062
28.560	0.039062
28.570	0.039062
28.580	0.039062
28.590	0.039062
28.600	0.039062
28.610	0.039062
28.620	0.039062
28.630	0.039062
28.640	0.039062
28.650	0.039062
28.660	0.039062
28.670	0.039062
28.680	0.039062
28.690	0.039062
28.700	0.039062
28.710	0.039062
28.720	0.039062
28.730	0.039062
28.740	0.039062
28.750	0.039062
28.760	0.039062
28.770	0.039062
28.780	0.039062
28.790	0.039062
28.800	0.039062
28.810	0.039062
28.820	0.039062
28.830	0.039062
28.840	0.039062
28.850	0.039062
28.860	0.039062
28.870	0.039062
28.880	0.039062
28.890	0.039062
28.900	0.039062
28.910	0.039062
28.920	0.039062
28.930	0.039062
28.940	0.039062
28.950	0.039062
28.960	0.039062
28.970	0.039062
28.980	0.039062
28.990	0.039062
29.000	0.039062
29.010	0.039062
29.020	0.039062
29.030	0.039062
29.040	0.039062
29.050	0.039062
29.060	0.039062
29.070	0.039062
29.080	0.039062
29.090	0.039062
29.100	0.039062
29.110	0.039062
29.120	0.039062
29.130	0.039062
29.140	0.039062
29.150	0.039062
29.160	0.039062
29.170	0.039062
29.180	0.039062
29.190	0.039062
29.200	0.039062
29.210	0.039062
29.220	0.039062
29.230	0.039062
29.240	0.039062
29.250	0.039062
29.260	0.039062
29.270	0.039062
29.280	0.039062
29.290	0.039062
29.300	0.039062
29.310	0.039062
29.320	0.039062
29.330	0.039062
29.340	0.039062
29.350	0.039062
29.360	0.039062
29.370	0.039062
29.380	0.039062
29.390	0.039062
29.400	0.039062
29.410	0.039062
29.420	0.039062
29.430	0.039062
29.440	0.039062
29.450	0.039062
29.460	0.039062
29.470	0.039062
29.480	0.039062
29.490	0.039062
29.500	0.039062
29.510	0.039062
29.520	0.039062
29.530	0.039062
29.540	0.039062
29.550	0.039062
29.560	0.039062
29.570	0.039062
29.580	0.039062
29.590	0.039062
29.600	0.039062
29.610	0.039062
29.620	0.039062
29.630	0.039062
29.640	0.039062
29.650	0.039062
29.660	0.039062
29.670	0.039062
29.680	0.039062
29.690	0.039062
29.700	0.039062
29.710	0.039062
29.720	0.039062
29.730	0.039062
29.740	0.039062
29.750	0.039062
29.760	0.039062
29.770	0.039062
29.780	0.039062
29.790	0.039062
29.800	0.039062
29.810	0.039062
29.820	0.039062
29.830	0.039062
29.840	0.039062
29.850	0.039062
29.860	0.039062
29.870	0.039062
29.880	0.039062
29.890	0.039062
29.900	0.039062
29.910	0.039062
29.920	0.039062
29.930	0.039062
29.940	0.039062
29.950	0.039062
29.960	0.039062
29.970	0.039062
29.980	0.039062
29.990	0.039062
30.000	0.039062
30.010	0.039062
30.020	0.039062
30.030	0.039062
30.040	0.039062
30.050	0.039062
30.060	0.039062
30.070	0.039062
30.080	0.039062
30.090	0.039062
30.100	0.039062
30.110	0.039062
30.120	0.039062
30.130	0.039062
30.140	0.039062
30.150	0.039062
30.160	0.039062
30.170	0.039062
30.180	0.039062
30.190	0.039062
30.200	0.039062
30.210	0.039062
30.220	0.039062
30.230	0.039062
30.240	0.039062
30.250	0.039062
30.260	0.039062
30.270	0.039062
30.280	0.039062
30.290	0.039062
30.300	0.039062
30.310	0.039062
30.320	0.039062
30.330	0.039062
30.340	0.039062
30.350	0.039062
30.360	0.039062
30.370	0.039062
30.380	0.039062
30.390	0.039062
30.400	0.039062
30.410	0.039062
30.420	0.039062
30.430	0.039062
30.440	0.039062
30.450	0.039062
30.460	0.039062
30.470	0.039062
30.480	0.039062
30.490	0.039062
30.500	0.039062
30.510	0.039062
30.520	0.039062
30.530	0.039062
30.540	0.039062
30.550	0.039062
30.560	0.039062
30.570	0.039062
30.580	0.039062
30.590	0.039062
30.600	0.039062
30.610	0.039062
30.620	0.039062
30.630	0.039062
30.640	0.039062
30.650	0.039062
30.660	0.039062
30.670	0.039062
30.680	0.039062
30.690	0.039062
30.700	0.039062
30.710	0.039062
30.720	0.039062
30.730	0.039062
30.740	0.039062
30.750	0.039062
30.760	0.039062
30.770	0.039062
30.780	0.039062
30.790	0.039062
30.800	0.039062
30.810	0.039062
30.820	0.039062
30.830	0.039062
30.840	0.039062
30.850	0.039062
30.860	0.039062
30.870	0.039062
30.880	0.039062
30.890	0.039062
30.900	0.039062
30.910	0.039062
30.920	0.039062
30.930	0.039062
30.940	0.039062
30.950	0.039062
30.960	0.039062
30.970	0.039062
30.980	0.039062
30.990	0.039062
31.000	0.039062
31.010	0.039062
31.020	0.039062
31.030	0.039062
31.040	0.039062
31.050	0.039062
31.060	0.039062
31.070	0.039062
31.080	0.039062
31.090	0.039062
31.100	0.039062
31.110	0.039062
31.120	0.039062
31.130	0.039062
31.140	0.039062
31.150	0.039062
31.160	0.039062
31.170	0.039062
31.180	0.039062
31.190	0.039062
31.200	0.039062
31.210	0.039062
31.220	0.039062
31.230	0.039062
31.240	0.039062
31.250	0.039062
31.260	0.039062
31.270	0.039062
31.280	0.039062
31.290	0.039062
31.300	0.039062
31.310	0.039062
31.320	0.039062
31.330	0.039062
31.340	0.039062
31.350	0.039062
31.360	0.039062
31.370	0.039062
31.380	0.039062
31.390	0.039062
31.400	0.039062
31.410	0.039062
31.420	0.039062
31.430	0.039062
31.440	0.039062
31.450	0.039062
31.460	0.039062
31.470	0.039062
31.480	0.039062
31.490	0.039062
31.500	0.039062
31.510	0.039062
31.520	0.039062
31.530	0.039062
31.540	0.039062
31.550	0.039062
31.560	0.039062
31.570	0.039062
31.580	0.039062
31.590	0.039062
31.600	0.039062
31.610	0.039062
31.620	0.039062
31.630	0.039062
31.640	0.039062
31.650	0.039062
31.660	0.039062
31.670	0.039062
31.680	0.039062
31.690	0.039062
31.700	0.039062
31.710	0.039062
31.720	0.039062
31.730	0.039062
31.740	0.039062
31.750	0.039062
31.760	0.039062
31.770	0.039062
31.780	0.039062
31.790	0.039062
31.800	0.039062
31.810	0.039062
31.820	0.039062
31.830	0.039062
31.840	0.039062
31.850	0.039062
31.860	0.039062
31.870	0.039062
31.880	0.039062
31.890	0.039062
31.900	0.039062
31.910	0.039062
31.920	0.039062
31.930	0.039062
31.940	0.039062
31.950	0.039062
31.960	0.039062
31.970	0.039062
31.980	0.039062
31.990	0.039062
32.000	0.039062
32.010	0.039062
32.020	0.039062
32.030	0.039062
32.040	0.039062
32.050	0.039062
32.060	0.039062
32.070	0.039062
32.080	0.039062
32.090	0.039062
32.100	0.039062
32.110	0.039062
32.120	0.039062
32.130	0.039062
32.140	0.039062
32.150	0.039062
32.160	0.039062
32.170	0.039062
32.180	0.039062
32.190	0.039062
32.200	0.039062
32.210	0.039062
32.220	0.039062
32.230	0.039062
32.240	0.039062
32.250	0.039062
32.260	0.039062
32.270	0.039062
32.280	0.039062
32.290	0.039062
32.300	0.039062
32.310	0.039062
32.320	0.039062
32.330	0.039062
32.340	0.039062
32.350	0.039062
32.360	0.039062
32.370	0.039062
32.380	0.039062
32.390	0.039062
32.400	0.039062
32.410	0.039062
32.420	0.039062
32.430	0.039062
32.440	0.039062
32.450	0.039062
32.460	0.039062
32.470	0.039062
32.480	0.039062
32.490	0.039062
32.500	0.039062
32.510	0.039062
32.520	0.039062
32.530	0.039062
32.540	0.039062
32.550	0.039062
32.560	0.039062
32.570	0.039062
32.580	0.039062
32.590	0.039062
32.600	0.039062
32.610	0.039062
32.620	0.039062
32.630	0.039062
32.640	0.039062
32.650	0.039062
32.660	0.039062
32.670	0.039062
32.680	0.039062
32.690	0.039062
32.700	0.039062
32.710	0.039062
32.720	0.039062
32.730	0.039062
32.740	0.039062
32.750	0.039062
32.760	0.039062
32.770	0.039062
32.780	0.039062
32.790	0.039062
32.800	0.039062
32.810	0.039062
32.820	0.039062
32.830	0.039062
32.840	0.039062
32.850	0.039062
32.860	0.039062
32.870	0.039062
32.880	0.039062
32.890	0.039062
32.900	0.039062
32.910	0.039062
32.920	0.039062
32.930	0.039062
32.940	0.039062
32.950	0.039062
32.960	0.039062
32.970	0.039062
32.980	0.039062
32.990	0.039062
33.000	0.039062
33.010	0.039062
33.020	0.039062
33.030	0.039062
33.040	0.039062
33.050	0.039062
33.060	0.039062
33.070	0.039062
33.080	0.039062
33.090	0.039062
33.100	0.039062
33.110	0.039062
33.120	0.039062
33.130	0.039062
33.140	0.039062
33.150	0.039062
33.160	0.039062
33.170	0.039062
33.180	0.039062
33.190	0.019531
33.200	0.019531
33.210	0.019531
33.220	0.019531
33.230	0.019531
33.240	0.019531
33.250	0.019531
33.260	0.019531
33.270	0.019531
33.280	0.019531
33.290	0.019531
33.300	0.019531
33.310	0.019531
33.320	0.019531
33.330	0.019531
33.340	0.019531
33.350	0.019531
33.360	0.019531
33.370	0.019531
33.380	0.019531
33.390	0.019531
33.400	0.019531
33.410	0.019531
33.420	0.019531
33.430	0.019531
33.440	0.019531
33.450	0.019531
33.460	0.019531
33.470	0.019531
33.480	0.019531
33.490	0.019531
33.500	0.019531
33.510	0.019531
33.520	0.019531
33.530	0.019531
33.540	0.019531
33.550	0.019531
33.560	0.019531
33.570	0.019531
33.580	0.019531
33.590	0.019531
33.600	0.019531
33.610	0.019531
33.620	0.019531
33.630	0.019531
33.640	0.019531
33.650	0.019531
33.660	0.019531
33.670	0.019531
33.680	0.019531
33.690	0.019531
33.700	0.019531
33.710	0.019531
33.720	0.019531
33.730	0.019531
33.740	0.019531
33.750	0.019531
33.760	0.019531
33.770	0.019531
33.780	0.019531
33.790	0.019531
33.800	0.019531
33.810	0.019531
33.820	0.019531
33.830	0.019531
33.840	0.019531
33.850	0.019531
33.860	0.019531
33.870	0.019531
33.880	0.019531
33.890	0.019531
33.900	0.019531
33.910	0.019531
33.920	0.019531
33.930	0.019531
33.940	0.019531
33.950	0.019531
33.960	0.019531
33.970	0.019531
33.980	0.019531
33.990	0.019531
34.000	0.019531
34.010	0.019531
34.020	0.019531
34.030	0.019531
34.040	0.019531
34.050	0.019531
34.060	0.019531
34.070	0.019531
34.080	0.019531
34.090	0.019531
34.100	0.019531
34.110	0.019531
34.120	0.019531
34.130	0.019531
34.140	0.019531
34.150	0.019531
34.160	0.019531
34.170	0.019531
34.180	0.019531
34.190	0.019531
34.200	0.019531
34.210	0.019531
34.220	0.019531
34.230	0.019531
34.240	0.019531
34.250	0.019531
34.260	0.019531
34.270	0.019531
34.280	0.019531
34.290	0.019531
34.300	0.019531
34.310	0.019531
34.320	0.019531
34.330	0.019531
34.340	0.019531
34.350	0.019531
34.360	0.019531
34.370	0.019531
34.380	0.019531
34.390	0.019531
34.400	0.019531
34.410	0.019531
34.420	0.019531
34.430	0.019531
34.440	0.019531
34.450	0.019531
34.460	0.019531
34.470	0.019531
34.480	0.019531
34.490	0.019531
34.500	0.019531
34.510	0.019531
34.520	0.019531
34.530	0.019531
34.540	0.019531
34.550	0.019531
34.560	0.019531
34.570	0.019531
34.580	0.019531
34.590	0.019531
34.600	0.019531
34.610	0.019531
34.620	0.019531
34.630	0.019531
34.640	0.019531
34.650	0.019531
34.660	0.019531
34.670	0.019531
34.680	0.019531
34.690	0.019531
34.700	0.019531
34.710	0.019531
34.720	0.019531
34.730	0.019531
34.740	0.019531
34.750	0.019531
34.760	0.019531
34.770	0.019531
34.780	0.019531
34.790	0.019531
34.800	0.019531
34.810	0.019531
34.820	0.019531
34.830	0.019531
34.840	0.019531
34.850	0.019531
34.860	0.019531
34.870	0.019531
34.880	0.019531
34.890	0.019531
34.900	0.019531
34.910	0.019531
34.920	0.019531
34.930	0.019531
34.940	0.019531
34.950	0.019531
34.960	0.019531
34.970	0.019531
34.980	0.019531
34.990	0.019531
35.000	0.019531
35.010	0.019531
35.020	0.019531
35.030	0.019531
35.040	0.019531
35.050	0.019531
35.060	0.019531
35.070	0.019531
35.080	0.019531
35.090	0.019531
35.100	0.019531
35.110	0.019531
35.120	0.019531
35.130	0.019531
35.140	0.019531
35.150	0.019531
35.160	0.019531
35.170	0.019531
35.180	0.019531
35.190	0.019531
35.200	0.019531
35.210	0.019531
35.220	0.019531
35.230	0.019531
35.240	0.019531
35.250	0.019531
35.260	0.019531
35.270	0.019531
35.280	0.019531
35.290	0.019531
35.300	0.019531
35.310	0.019531
35.320	0.019531
35.330	0.019531
35.340	0.019531
35.350	0.019531
35.360	0.019531
35.370	0.019531
35.380	0.019531
35.390	0.019531
35.400	0.019531
35.410	0.019531
35.420	0.019531
35.430	0.019531
35.440	0.019531
35.450	0.019531
35.460	0.019531
35.470	0.019531
35.480	0.019531
35.490	0.019531
35.500	0.019531
35.510	0.019531
35.520	0.019531
35.530	0.019531
35.540	0.019531
35.550	0.019531
35.560	0.019531
35.570	0.019531
35.580	0.019531
35.590	0.019531
35.600	0.019531
35.610	0.019531
35.620	0.019531
35.630	0.019531
35.640	0.019531
35.650	0.019531
35.660	0.019531
35.670	0.019531
35.680	0.019531
35.690	0.019531
35.700	0.019531
35.710	0.019531
35.720	0.019531
35.730	0.019531
35.740	0.019531
35.750	0.019531
35.760	0.019531
35.770	0.019531
35.780	0.019531
35.790	0.019531
35.800	0.019531
35.810	0.019531
35.820	0.019531
35.830	0.019531
35.840	0.019531
35.850	0.019531
35.860	0.019531
35.870	0.019531
35.880	0.019531
35.890	0.019531
35.900	0.019531
35.910	0.019531
35.920	0.019531
35.930	0.019531
35.940	0.019531
35.950	0.019531
35.960	0.019531
35.970	0.019531
35.980	0.019531
35.990	0.019531
36.000	0.019531
36.010	0.019531
36.020	0.019531
36.030	0.019531
36.040	0.019531
36.050	0.019531
36.060	0.019531
36.070	0.019531
36.080	0.019531
36.090	0.019531
36.100	0.019531
36.110	0.019531
36.120	0.019531
36.130	0.019531
36.140	0.019531
36.150	0.019531
36.160	0.019531
36.170	0.019531
36.180	0.019531
36.190	0.019531
36.200	0.019531
36.210	0.019531
36.220	0.019531
36.230	0.019531
36.240	0.019531
36.250	0.019531
36.260	0.019531
36.270	0.019531
36.280	0.019531
36.290	0.019531
36.300	0.019531
36.310	0.019531
36.320	0.019531
36.330	0.019531
36.340	0.019531
36.350	0.019531
36.360	0.019531
36.370	0.019531
36.380	0.019531
36.390	0.019531
36.400	0.019531
36.410	0.019531
36.420	0.019531
36.430	0.019531
36.440	0.019531
36.450	0.019531
36.460	0.019531
36.470	0.019531
36.480	0.019531
36.490	0.019531
36.500	0.019531
36.510	0.019531
36.520	0.019531
36.530	0.019531
36.540	0.019531
36.550	0.019531
36.560	0.019531
36.570	0.019531
36.580	0.019531
36.590	0.019531
36.600	0.019531
36.610	0.019531
36.620	0.019531
36.630	0.019531
36.640	0.019531
36.650	0.019531
36.660	0.019531
36.670	0.019531
36.680	0.019531
36.690	0.019531
36.700	0.019531
36.710	0.019531
36.720	0.019531
36.730	0.019531
36.740	0.019531
36.750	0.019531
36.760	0.019531
36.770	0.019531
36.780	0.019531
36.790	0.019531
36.800	0.019531
36.810	0.019531
36.820	0.019531
36.830	0.019531
36.840	0.019531
36.850	0.019531
36.860	0.019531
36.870	0.019531
36.880	0.019531
36.890	0.019531
36.900	0.019531
36.910	0.019531
36.920	0.019531
36.930	0.019531
36.940	0.019531
36.950	0.019531
36.960	0.019531
36.970	0.019531
36.980	0.019531
36.990	0.019531
37.000	0.019531
37.010	0.019531
37.020	0.019531
37.030	0.019531
37.040	0.019531
37.050	0.019531
37.060	0.019531
37.070	0.019531
37.080	0.019531
37.090	0.019531
37.100	0.019531
37.110	0.019531
37.120	0.019531
37.130	0.019531
37.140	0.019531
37.150	0.019531
37.160	0.019531
37.170	0.019531
37.180	0.019531
37.190	0.019531
37.200	0.019531
37.210	0.019531
37.220	0.019531
37.230	0.019531
37.240	0.019531
37.250	0.019531
37.260	0.019531
37.270	0.019531
37.280	0.019531
37.290	0.019531
37.300	0.019531
37.310	0.019531
37.320	0.019531
37.330	0.019531
37.340	0.019531
37.350	0.019531
37.360	0.019531
37.370	0.019531
37.380	0.019531
37.390	0.019531
37.400	0.019531
37.410	0.019531
37.420	0.019531
37.430	0.019531
37.440	0.019531
37.450	0.019531
37.460	0.019531
37.470	0.019531
37.480	0.019531
37.490	0.019531
37.500	0.019531
37.510	0.019531
37.520	0.019531
37.530	0.019531
37.540	0.019531
37.550	0.019531
37.560	0.019531
37.570	0.019531
37.580	0.019531
37.590	0.019531
37.600	0.019531
37.610	0.019531
37.620	0.019531
37.630	0.019531
37.640	0.019531
37.650	0.019531
37.660	0.019531
37.670	0.019531
37.680	0.019531
37.690	0.019531
37.700	0.019531
37.710	0.019531
37.720	0.019531
37.730	0.019531
37.740	0.019531
37.750	0.019531
37.760	0.019531
37.770	0.019531
37.780	0.019531
37.790	0.019531
37.800	0.019531
37.810	0.019531
37.820	0.019531
37.830	0.019531
37.840	0.019531
37.850	0.019531
37.860	0.019531
37.870	0.019531
37.880	0.019531
37.890	0.019531
37.900	0.019531
37.910	0.019531
37.920	0.019531
37.930	0.019531
37.940	0.019531
37.950	0.019531
37.960	0.019531
37.970	0.019531
37.980	0.019531
37.990	0.019531
38.000	0.019531
38.010	0.019531
38.020	0.019531
38.030	0.019531
38.040	0.019531
38.050	0.019531
38.060	0.019531
38.070	0.019531
38.080	0.019531
38.090	0.019531
38.100	0.019531
38.110	0.019531
38.120	0.019531
38.130	0.019531
38.140	0.019531
38.150	0.019531
38.160	0.019531
38.170	0.019531
38.180	0.019531
38.190	0.019531
38.200	0.019531
38.210	0.019531
38.220	0.019531
38.230	0.019531
38.240	0.019531
38.250	0.019531
38.260	0.019531
38.270	0.019531
38.280	0.019531
38.290	0.019531
38.300	0.019531
38.310	0.019531
38.320	0.019531
38.330	0.019531
38.340	0.019531
38.350	0.019531
38.360	0.019531
38.370	0.019531
38.380	0.019531
38.390	0.019531
38.400	0.019531
38.410	0.019531
38.420	0.019531
38.430	0.019531
38.440	0.019531
38.450	0.019531
38.460	0.019531
38.470	0.019531
38.480	0.019531
38.490	0.019531
38.500	0.019531
38.510	0.019531
38.520	0.019531
38.530	0.019531
38.540	0.019531
38.550	0.019531
38.560	0.019531
38.570	0.019531
38.580	0.019531
38.590	0.019531
38.600	0.019531
38.610	0.019531
38.620	0.019531
38.630	0.019531
38.640	0.019531
38.650	0.019531
38.660	0.019531
38.670	0.019531
38.680	0.019531
38.690	0.019531
38.700	0.019531
38.710	0.019531
38.720	0.019531
38.730	0.019531
38.740	0.019531
38.750	0.019531
38.760	0.019531
38.770	0.019531
38.780	0.019531
38.790	0.019531
38.800	0.019531
38.810	0.019531
38.820	0.019531
38.830	0.019531
38.840	0.019531
38.850	0.019531
38.860	0.019531
38.870	0.019531
38.880	0.019531
38.890	0.019531
38.900	0.019531
38.910	0.019531
38.920	0.019531
38.930	0.019531
38.940	0.019531
38.950	0.019531
38.960	0.019531
38.970	0.019531
38.980	0.019531
38.990	0.019531
39.000	0.019531
39.010	0.019531
39.020	0.019531
39.030	0.019531
39.040	0.019531
39.050	0.019531
39.060	0.019531
39.070	0.019531
39.080	0.019531
39.090	0.019531
39.100	0.019531
39.110	0.019531
39.120	0.019531
39.130	0.019531
39.140	0.019531
39.150	0.019531
39.160	0.019531
39.170	0.019531
39.180	0.019531
39.190	0.019531
39.200	0.019531
39.210	0.019531
39.220	0.019531
39.230	0.019531
39.240	0.019531
39.250	0.019531
39.260	0.019531
39.270	0.019531
39.280	0.019531
39.290	0.019531
39.300	0.019531
39.310	0.019531
39.320	0.019531
39.330	0.019531
39.340	0.019531
39.350	0.019531
39.360	0.019531
39.370	0.019531
39.380	0.019531
39.390	0.019531
39.400	0.019531
39.410	0.019531
39.420	0.019531
39.430	0.019531
39.440	0.019531
39.450	0.019531
39.460	0.019531
39.470	0.019531
39.480	0.019531
39.490	0.019531
39.500	0.019531
39.510	0.019531
39.520	0.019531
39.530	0.019531
39.540	0.019531
39.550	0.019531
39.560	0.019531
39.570	0.019531
39.580	0.019531
39.590	0.019531
39.600	0.019531
39.610	0.019531
39.620	0.019531
39.630	0.019531
39.640	0.019531
39.650	0.019531
39.660	0.019531
39.670	0.019531
39.680	0.019531
39.690	0.019531
39.700	0.019531
39.710	0.019531
39.720	0.019531
39.730	0.019531
39.740	0.019531
39.750	0.019531
39.760	0.019531
39.770	0.019531
39.780	0.019531
39.790	0.019531
39.800	0.019531
39.810	0.019531
39.820	0.019531
39.830	0.019531
39.840	0.019531
39.850	0.019531
39.860	0.019531
39.870	0.019531
39.880	0.019531
39.890	0.019531
39.900	0.019531
39.910	0.019531
39.920	0.019531
39.930	0.019531
39.940	0.019531
39.950	0.019531
39.960	0.019531
39.970	0.019531
39.980	0.019531
39.990	0.019531
40.000	0.019531
